80.0
75.0
50.0
50.0
55.0
65.0
48.0
200.0
120.0
60.0
52.0
30.0
40.0
89.0
184.0
93.0
210.0
65.0
220.0
53.0
50.0
30.0
200.0
65.0
184.0
52.0
50.0
80.0
89.0
50.0
75.0
48.0
210.0
53.0
40.0
60.0
65.0
55.0
120.0
93.0
52.0
50.0
80.0
89.0
50.0
75.0
48.0
210.0
53.0
40.0
60.0
65.0
55.0
120.0
93.0
220.0
44.0
30.0
146.0
36.0
53.0
40.0
60.0
65.0
55.0
120.0
93.0
220.0
44.0
30.0
146.0
36.0
61.0
110.0
79.0
36.0
140.0
148.0
82.0
54.0
184.0
65.0
52.0
50.0
80.0
89.0
50.0
75.0
48.0
210.0
53.0
40.0
60.0
65.0
55.0
120.0
93.0
220.0
30.0
44.0
112.0
30.0
68.0
50.0
30.0
200.0
65.0
184.0
52.0
50.0
80.0
89.0
50.0
75.0
48.0
210.0
53.0
40.0
60.0
65.0
50.0
30.0
200.0
65.0
184.0
52.0
50.0
80.0
89.0
50.0
75.0
48.0
210.0
53.0
40.0
60.0
65.0
55.0
120.0
93.0
30.0
200.0
65.0
184.0
52.0
50.0
80.0
89.0
50.0
75.0
48.0
210.0
53.0
40.0
60.0
65.0
55.0
120.0
93.0
220.0
75.0
48.0
210.0
53.0
40.0
60.0
65.0
55.0
120.0
93.0
220.0
44.0
30.0
146.0
36.0
61.0
110.0
79.0
140.0
36.0
200.0
65.0
184.0
52.0
50.0
80.0
89.0
50.0
75.0
48.0
210.0
53.0
40.0
60.0
65.0
55.0
120.0
93.0
220.0
44.0
52.0
91.0
112.0
30.0
68.0
50.0
30.0
200.0
184.0
65.0
52.0
50.0
80.0
89.0
50.0
75.0
48.0
210.0
53.0
40.0
32.0
52.0
91.0
30.0
112.0
68.0
50.0
30.0
200.0
65.0
184.0
52.0
50.0
80.0
89.0
50.0
75.0
48.0
210.0
53.0
32.0
52.0
91.0
30.0
112.0
68.0
50.0
30.0
200.0
65.0
184.0
52.0
50.0
80.0
89.0
50.0
75.0
48.0
210.0
53.0
120.0
100.0
42.0
32.0
52.0
91.0
112.0
30.0
68.0
50.0
30.0
200.0
184.0
65.0
52.0
50.0
80.0
89.0
50.0
75.0
90.0
445.0
120.0
42.0
100.0
32.0
52.0
91.0
30.0
112.0
68.0
50.0
30.0
200.0
65.0
184.0
52.0
50.0
80.0
89.0
120.0
100.0
42.0
32.0
52.0
91.0
112.0
30.0
68.0
50.0
30.0
200.0
65.0
184.0
52.0
50.0
80.0
89.0
50.0
75.0
55.0
30.0
50.0
37.0
90.0
445.0
120.0
42.0
100.0
32.0
52.0
91.0
30.0
112.0
68.0
50.0
30.0
200.0
65.0
184.0
120.0
100.0
42.0
32.0
52.0
91.0
112.0
30.0
68.0
50.0
30.0
200.0
65.0
184.0
52.0
50.0
80.0
89.0
50.0
75.0
90.0
445.0
120.0
100.0
42.0
32.0
52.0
91.0
30.0
112.0
68.0
50.0
30.0
200.0
65.0
184.0
52.0
50.0
80.0
89.0
100.0
42.0
32.0
52.0
91.0
30.0
112.0
68.0
50.0
30.0
200.0
184.0
65.0
52.0
50.0
80.0
89.0
50.0
75.0
48.0
32.0
52.0
91.0
30.0
112.0
68.0
50.0
30.0
200.0
184.0
65.0
52.0
50.0
80.0
89.0
50.0
75.0
48.0
210.0
53.0
68.0
50.0
30.0
200.0
65.0
184.0
52.0
50.0
80.0
89.0
50.0
75.0
48.0
210.0
53.0
40.0
60.0
65.0
55.0
120.0
48.0
210.0
53.0
40.0
60.0
65.0
55.0
120.0
93.0
220.0
30.0
44.0
146.0
36.0
61.0
110.0
79.0
36.0
140.0
148.0
65.0
55.0
120.0
93.0
220.0
44.0
30.0
146.0
36.0
61.0
110.0
79.0
140.0
36.0
148.0
82.0
54.0
50.0
125.0
74.0
140.0
148.0
82.0
54.0
74.0
50.0
125.0
125.0
64.0
60.0
38.0
85.0
165.0
78.0
35.0
60.0
77.0
130.0
32.0
38.0
64.0
38.0
85.0
165.0
78.0
35.0
60.0
77.0
130.0
32.0
38.0
40.0
58.0
72.0
101.0
130.0
95.0
200.0
45.0
64.0
38.0
40.0
58.0
72.0
130.0
95.0
101.0
200.0
45.0
64.0
50.0
76.0
46.0
60.0
130.0
120.0
55.0
90.0
95.0
120.0
130.0
120.0
55.0
90.0
95.0
120.0
133.0
101.0
68.0
30.0
31.0
82.0
32.0
80.0
100.0
80.0
175.0
262.0
64.0
70.0
80.0
175.0
262.0
64.0
70.0
40.0
70.0
174.0
110.0
120.0
149.0
45.0
41.0
54.0
38.0
50.0
147.0
105.0
56.0
100.0
120.0
133.0
101.0
68.0
30.0
31.0
82.0
32.0
80.0
100.0
80.0
175.0
262.0
64.0
70.0
40.0
70.0
174.0
110.0
120.0
80.0
175.0
262.0
64.0
40.0
70.0
70.0
174.0
110.0
120.0
149.0
45.0
41.0
54.0
38.0
50.0
147.0
105.0
56.0
100.0
174.0
110.0
120.0
149.0
45.0
41.0
54.0
38.0
50.0
147.0
105.0
56.0
100.0
120.0
5200.0
46.0
66.0
52.0
70.0
190.0
50.0
147.0
105.0
56.0
100.0
120.0
5200.0
46.0
66.0
52.0
70.0
190.0
97.0
66.0
70.0
30.0
115.0
95.0
40.0
110.0
190.0
66.0
97.0
70.0
30.0
115.0
95.0
40.0
110.0
142.0
110.0
40.0
72.0
52.0
50.0
45.0
35.0
62.0
110.0
217.0
52.0
50.0
45.0
35.0
62.0
110.0
217.0
130.0
100.0
20.0
486.0
200.0
45.0
150.0
49.0
60.0
290.0
50.0
45.0
45.0
200.0
45.0
150.0
49.0
60.0
290.0
50.0
45.0
45.0
77.0
92.0
65.0
70.0
80.0
50.0
45.0
43.0
120.0
100.0
50.0
290.0
45.0
50.0
45.0
77.0
92.0
65.0
70.0
80.0
50.0
45.0
43.0
120.0
100.0
50.0
118.0
39.0
70.0
52.0
92.0
77.0
92.0
65.0
70.0
80.0
50.0
45.0
43.0
120.0
100.0
50.0
118.0
70.0
39.0
52.0
92.0
182.0
142.0
140.0
50.0
65.0
70.0
80.0
50.0
45.0
43.0
120.0
100.0
50.0
118.0
39.0
70.0
52.0
92.0
182.0
142.0
140.0
50.0
72.0
75.0
118.0
39.0
70.0
52.0
92.0
182.0
142.0
140.0
50.0
72.0
75.0
100.0
48.0
100.0
230.0
60.0
232.0
106.0
2200.0
305.0
50.0
75.0
72.0
100.0
48.0
100.0
230.0
60.0
232.0
106.0
2200.0
305.0
190.0
185.0
42.0
120.0
30.0
100.0
72.0
76.0
140.0
50.0
72.0
75.0
100.0
48.0
100.0
230.0
60.0
232.0
106.0
2200.0
305.0
190.0
185.0
42.0
120.0
30.0
100.0
72.0
100.0
48.0
100.0
230.0
60.0
232.0
106.0
2200.0
305.0
190.0
185.0
42.0
120.0
30.0
100.0
72.0
76.0
410.0
190.0
240.0
305.0
190.0
185.0
42.0
120.0
30.0
100.0
72.0
76.0
410.0
190.0
240.0
72.0
120.0
80.0
55.0
40.0
72.0
63.0
207.0
185.0
42.0
120.0
30.0
100.0
72.0
76.0
410.0
190.0
240.0
120.0
72.0
80.0
55.0
40.0
72.0
63.0
86.0
207.0
45.0
120.0
30.0
100.0
72.0
76.0
410.0
190.0
240.0
72.0
120.0
80.0
55.0
40.0
72.0
63.0
86.0
207.0
45.0
145.0
250.0
232.0
106.0
2200.0
305.0
190.0
185.0
42.0
120.0
30.0
100.0
72.0
76.0
410.0
190.0
240.0
120.0
72.0
80.0
55.0
40.0
185.0
42.0
120.0
30.0
100.0
72.0
76.0
410.0
190.0
240.0
72.0
120.0
80.0
55.0
72.0
40.0
63.0
86.0
207.0
45.0
305.0
190.0
185.0
42.0
120.0
30.0
100.0
72.0
76.0
410.0
190.0
240.0
120.0
72.0
80.0
55.0
40.0
72.0
63.0
86.0
190.0
185.0
42.0
120.0
30.0
100.0
72.0
76.0
410.0
190.0
240.0
120.0
72.0
80.0
55.0
72.0
40.0
63.0
207.0
86.0
185.0
42.0
120.0
30.0
100.0
72.0
76.0
410.0
190.0
240.0
120.0
72.0
80.0
55.0
72.0
40.0
63.0
207.0
86.0
45.0
72.0
76.0
410.0
190.0
240.0
72.0
120.0
80.0
55.0
40.0
72.0
63.0
207.0
86.0
45.0
145.0
250.0
310.0
85.0
122.0
80.0
55.0
40.0
72.0
63.0
207.0
86.0
45.0
145.0
250.0
310.0
85.0
122.0
50.0
32.0
30.0
102.0
110.0
54.0
58.0
40.0
72.0
63.0
86.0
207.0
45.0
145.0
250.0
310.0
85.0
122.0
50.0
32.0
30.0
102.0
110.0
54.0
58.0
45.0
120.0
310.0
85.0
122.0
50.0
32.0
30.0
102.0
110.0
54.0
58.0
45.0
120.0
125.0
120.0
120.0
65.0
147.0
362.0
88.0
50.0
110.0
54.0
58.0
45.0
120.0
125.0
120.0
120.0
65.0
147.0
362.0
88.0
50.0
150.0
150.0
75.0
100.0
55.0
182.0
181.0
65.0
147.0
362.0
88.0
50.0
150.0
150.0
75.0
100.0
55.0
182.0
181.0
82.0
100.0
40.0
110.0
13000.0
180.0
113.0
40.0
82.0
100.0
40.0
110.0
13000.0
180.0
113.0
40.0
70.0
65.0
55.0
180.0
60.0
125.0
96.0
17.0
160.0
335.0
140.0
220.0
55.0
180.0
60.0
125.0
96.0
17.0
160.0
335.0
140.0
220.0
245.0
65.0
100.0
161.0
110.0
101.0
130.0
75.0
68.0
47.0
96.0
17.0
160.0
335.0
140.0
220.0
245.0
65.0
100.0
161.0
110.0
101.0
130.0
75.0
68.0
47.0
57.0
50.0
55.0
180.0
140.0
245.0
220.0
65.0
100.0
161.0
110.0
101.0
130.0
75.0
68.0
47.0
57.0
50.0
55.0
180.0
50.0
60.0
110.0
110.0
110.0
101.0
130.0
75.0
68.0
47.0
57.0
50.0
55.0
180.0
50.0
60.0
110.0
110.0
90.0
230.0
62.0
57.0
270.0
80.0
55.0
180.0
50.0
60.0
110.0
110.0
90.0
230.0
62.0
57.0
270.0
80.0
70.0
190.0
84.0
92.0
127.0
56.0
35.0
40.0
57.0
270.0
80.0
70.0
190.0
92.0
84.0
127.0
56.0
40.0
35.0
105.0
30.0
45.0
70.0
35.0
135.0
78.0
95.0
47.0
40.0
35.0
105.0
30.0
45.0
70.0
35.0
135.0
78.0
95.0
47.0
270.0
65.0
59.0
106.0
85.0
110.0
51.0
220.0
100.0
95.0
47.0
270.0
65.0
59.0
106.0
85.0
110.0
51.0
220.0
100.0
42.0
70.0
100.0
315.0
195.0
110.0
120.0
69.0
57.0
70.0
100.0
315.0
195.0
110.0
120.0
69.0
57.0
55.0
50.0
60.0
113.0
70.0
105.0
47.0
46.0
60.0
40.0
70.0
30.0
50.0
60.0
113.0
70.0
105.0
47.0
46.0
60.0
40.0
70.0
30.0
155.0
311.0
39.0
120.0
115.0
45.0
86.0
46.0
210.0
39.0
120.0
115.0
45.0
86.0
46.0
210.0
41.0
55.0
39.0
180.0
90.0
85.0
40.0
40.0
39.0
65.0
38.0
60.0
141.0
41.0
55.0
39.0
180.0
90.0
85.0
40.0
40.0
39.0
65.0
38.0
60.0
141.0
118.0
48.0
50.0
64.0
36.0
65.0
40.0
39.0
90.0
180.0
85.0
40.0
40.0
39.0
65.0
38.0
60.0
141.0
118.0
48.0
50.0
64.0
36.0
65.0
40.0
86.0
45.0
118.0
48.0
50.0
64.0
36.0
65.0
40.0
86.0
45.0
50.0
60.0
30.0
135.0
250.0
50.0
150.0
45.0
168.0
130.0
45.0
48.0
50.0
64.0
36.0
65.0
40.0
86.0
45.0
50.0
30.0
60.0
135.0
250.0
50.0
150.0
45.0
130.0
168.0
45.0
63.0
135.0
250.0
50.0
150.0
45.0
168.0
130.0
45.0
63.0
76.0
55.0
60.0
115.0
45.0
166.0
70.0
340.0
45.0
45.0
55.0
168.0
130.0
45.0
63.0
76.0
55.0
60.0
115.0
45.0
166.0
70.0
340.0
45.0
45.0
55.0
42.0
130.0
28.0
35.0
75.0
166.0
70.0
340.0
45.0
45.0
55.0
42.0
130.0
28.0
35.0
75.0
220.0
100.0
35.0
45.0
24.0
75.0
63.0
170.0
36.0
45.0
24.0
75.0
63.0
170.0
36.0
74.0
81.0
120.0
300.0
100.0
75.0
45.0
210.0
866.0
50.0
118.0
300.0
35.0
40.0
100.0
45.0
210.0
866.0
50.0
118.0
300.0
35.0
40.0
180.0
60.0
74.0
126.0
95.0
40.0
112.0
40.0
180.0
75.0
113.0
40.0
180.0
60.0
74.0
126.0
95.0
40.0
112.0
40.0
180.0
75.0
113.0
50.0
40.0
70.0
225.0
453.0
35.0
48.0
51.0
113.0
50.0
40.0
70.0
225.0
453.0
35.0
48.0
51.0
60.0
30.0
40.0
60.0
58.0
51.0
1238.0
50.0
61.0
35.0
33.0
50.0
61.0
35.0
33.0
330.0
70.0
50.0
50.0
100.0
110.0
70.0
135.0
110.0
550.0
63.0
126.0
105.0
85.0
149.0
70.0
70.0
135.0
110.0
550.0
63.0
126.0
105.0
149.0
85.0
70.0
58.0
45.0
200.0
55.0
45.0
58.0
60.0
50.0
60.0
300.0
50.0
60.0
300.0
71.0
60.0
31.0
60.0
30.0
36.0
78.0
70.0
88.0
80.0
32.0
82.0
45.0
145.0
70.0
39.0
330.0
32.0
82.0
145.0
45.0
70.0
39.0
330.0
30.0
58.0
55.0
48.0
45.0
215.0
150.0
75.0
145.0
60.0
80.0
75.0
60.0
215.0
150.0
75.0
145.0
60.0
80.0
75.0
60.0
35.0
230.0
108.0
70.0
37.0
75.0
35.0
88.0
40.0
171.0
285.0
40.0
88.0
40.0
171.0
285.0
40.0
35.0
48.0
44.0
126.0
57.0
78.0
53.0
55.0
41.0
85.0
75.0
120.0
48.0
51.0
36.0
85.0
75.0
41.0
120.0
48.0
51.0
350.0
95.0
36.0
60.0
165.0
43.0
180.0
71.0
298.0
43.0
110.0
70.0
1000.0
56.0
43.0
110.0
70.0
1000.0
56.0
55.0
36.0
190.0
39.0
48.0
245.0
68.0
210.0
31.0
130.0
165.0
50.0
55.0
320.0
155.0
68.0
210.0
31.0
130.0
165.0
50.0
55.0
320.0
70.0
155.0
44.0
80.0
130.0
104.0
72.0
52.0
61.0
76.0
40.0
27.0
130.0
104.0
72.0
52.0
61.0
76.0
40.0
27.0
42.0
75.0
41.0
55.0
580.0
55.0
165.0
60.0
220.0
48.0
65.0
59.0
580.0
55.0
165.0
60.0
220.0
48.0
65.0
59.0
20.0
46.0
10.0
168.0
102.0
48.0
48.0
179.0
51.0
70.0
38.0
60.0
48.0
179.0
51.0
70.0
38.0
60.0
64.0
68.0
46.0
67.0
51.0
98.0
87.0
62.0
50.0
305.0
375.0
50.0
42.0
75.0
51.0
98.0
87.0
62.0
50.0
305.0
375.0
50.0
42.0
75.0
50.0
130.0
65.0
92.0
115.0
45.0
62.0
80.0
166.0
231.0
305.0
375.0
50.0
42.0
75.0
50.0
130.0
65.0
92.0
115.0
62.0
45.0
80.0
166.0
231.0
71.0
55.0
38.0
217.0
45.0
166.0
231.0
55.0
71.0
38.0
217.0
45.0
540.0
48.0
161.0
120.0
1000.0
48.0
34.0
77.0
48.0
500.0
48.0
51.0
47.0
540.0
48.0
161.0
120.0
1000.0
48.0
34.0
77.0
48.0
500.0
48.0
51.0
47.0
280.0
200.0
35.0
325.0
246.0
88.0
145.0
47.0
280.0
200.0
35.0
325.0
246.0
88.0
145.0
5900.0
55.0
65.0
45.0
54.0
223.0
195.0
63.0
907.0
70.0
75.0
40.0
45.0
54.0
223.0
195.0
63.0
907.0
70.0
75.0
40.0
40.0
40.0
35.0
4100.0
109.0
40000.0
51.0
31.0
60.0
30.0
43.0
907.0
70.0
75.0
40.0
40.0
40.0
35.0
4100.0
109.0
40000.0
51.0
31.0
60.0
30.0
43.0
70.0
176.0
170.0
54.0
38.0
70.0
40.0
75.0
40.0
40.0
35.0
4100.0
109.0
40000.0
51.0
31.0
60.0
30.0
43.0
70.0
176.0
170.0
54.0
38.0
42.0
31.0
60.0
30.0
43.0
70.0
176.0
170.0
54.0
38.0
42.0
82.0
5423.0
39.0
310.0
3670.0
40.0
59.0
86.0
162.0
93.0
82.0
5423.0
39.0
310.0
3670.0
59.0
40.0
86.0
162.0
93.0
120.0
110.0
80.0
103.0
5238.0
118.0
125.0
33.0
175.0
48.0
162.0
93.0
120.0
110.0
80.0
103.0
5238.0
118.0
125.0
33.0
175.0
48.0
55.0
36.0
56.0
25.0
33.0
110.0
75.0
500.0
25.0
75.0
33.0
110.0
500.0
110.0
80.0
176.0
500.0
70.0
25.0
70.0
3166.0
72.0
160.0
40.0
115.0
24737.0
374.0
51.0
70.0
3166.0
72.0
160.0
40.0
115.0
24737.0
374.0
51.0
3797.0
100.0
40.0
65.0
34.0
72.0
80.0
72.0
39.0
144.0
18000.0
72.0
39.0
144.0
18000.0
200.0
55.0
35.0
5500.0
60.0
230.0
40.0
45.0
41.0
45.0
95.0
73.0
195.0
42.0
40.0
67.0
45.0
41.0
45.0
73.0
95.0
195.0
42.0
40.0
67.0
200.0
56.0
55.0
60.0
60.0
267.0
60.0
40.0
80.0
103.0
371.0
40.0
67.0
200.0
56.0
55.0
60.0
60.0
267.0
60.0
40.0
80.0
103.0
371.0
140.0
39.0
70.0
530.0
125.0
180.0
176.0
530.0
125.0
180.0
176.0
50.0
236.0
33.0
116.0
85.0
40.0
137.0
76.0
34.0
50.0
80.0
35.0
95.0
978.0
95.0
50.0
80.0
35.0
95.0
978.0
95.0
55.0
72.0
43.0
85.0
138.0
55.0
77.0
144.0
58.0
58.0
705.0
90.0
43.0
85.0
138.0
55.0
144.0
77.0
58.0
58.0
705.0
90.0
51.0
101.0
132.0
70.0
125.0
172.0
115.0
235.0
600.0
57.0
125.0
172.0
115.0
235.0
600.0
57.0
210.0
45.0
149.0
60.0
48.0
219.0
70.0
70.0
90.0
51.0
38.0
230.0
100.0
70.0
70.0
90.0
51.0
38.0
230.0
100.0
110.0
109.0
204.0
59.0
97.0
42.0
55.0
65.0
59.0
40.0
89.0
70.0
3300.0
100.0
110.0
109.0
97.0
42.0
59.0
204.0
55.0
65.0
59.0
40.0
89.0
70.0
3300.0
45.0
147.0
65.0
100.0
105.0
36.0
89.0
70.0
3300.0
45.0
147.0
65.0
100.0
36.0
105.0
51.0
44.0
55.0
70.0
51.0
90.0
48.0
52.0
270.0
73.0
90.0
105.0
51.0
44.0
55.0
51.0
70.0
90.0
48.0
52.0
270.0
73.0
90.0
67.0
92.0
48.0
135.0
240.0
40.0
105.0
90.0
48.0
52.0
270.0
73.0
90.0
67.0
92.0
135.0
48.0
240.0
40.0
105.0
90.0
176.0
35.0
45.0
136.0
51.0
216.0
32.0
52.0
270.0
73.0
90.0
67.0
92.0
48.0
135.0
40.0
240.0
105.0
90.0
176.0
35.0
45.0
136.0
51.0
216.0
32.0
45.0
270.0
73.0
90.0
67.0
92.0
135.0
48.0
40.0
240.0
105.0
90.0
176.0
35.0
45.0
136.0
51.0
216.0
32.0
45.0
142.0
105.0
90.0
176.0
35.0
45.0
136.0
51.0
216.0
32.0
45.0
142.0
75.0
80.0
60.0
38.0
143.0
55.0
240.0
44.0
55.0
105.0
90.0
176.0
35.0
45.0
136.0
51.0
216.0
32.0
45.0
142.0
75.0
80.0
60.0
38.0
143.0
55.0
240.0
44.0
55.0
51.0
216.0
32.0
45.0
142.0
75.0
80.0
60.0
38.0
143.0
55.0
240.0
44.0
55.0
150.0
37.0
100.0
85.0
64.0
140.0
80.0
60.0
38.0
143.0
55.0
240.0
44.0
55.0
150.0
37.0
100.0
85.0
140.0
64.0
85.0
36.0
55.0
45.0
87.0
68.0
60.0
38.0
143.0
55.0
240.0
44.0
55.0
150.0
37.0
100.0
85.0
140.0
64.0
85.0
36.0
55.0
45.0
87.0
68.0
50.0
36.0
55.0
45.0
87.0
68.0
50.0
246.0
36.0
65.0
37.0
35.0
345.0
58.0
68.0
60.0
51.0
53.0
88.0
45.0
30.0
35.0
345.0
68.0
58.0
60.0
51.0
53.0
88.0
45.0
30.0
43.0
140.0
81.0
46.0
44.0
50.0
42.0
45.0
71.0
55.0
88.0
45.0
30.0
43.0
140.0
81.0
46.0
44.0
50.0
42.0
45.0
71.0
55.0
41.0
62.0
252.0
30.0
46.0
60.0
60.0
45.0
30.0
43.0
140.0
81.0
46.0
44.0
50.0
42.0
45.0
71.0
55.0
41.0
62.0
252.0
30.0
46.0
60.0
60.0
120.0
46.0
44.0
50.0
42.0
45.0
71.0
55.0
41.0
252.0
62.0
30.0
46.0
60.0
60.0
120.0
125.0
85.0
50.0
55.0
300.0
120.0
125.0
85.0
50.0
55.0
300.0
148.0
33.0
52.0
190.0
50.0
170.0
105.0
45.0
70.0
75.0
685.0
69.0
60.0
154.0
148.0
33.0
52.0
190.0
50.0
170.0
105.0
45.0
70.0
75.0
685.0
69.0
60.0
154.0
36.0
78.0
262.0
65.0
115.0
44.0
55.0
300.0
148.0
33.0
52.0
190.0
50.0
170.0
105.0
45.0
70.0
75.0
685.0
69.0
60.0
36.0
154.0
78.0
262.0
65.0
50.0
170.0
105.0
45.0
70.0
75.0
685.0
69.0
60.0
154.0
36.0
78.0
262.0
65.0
115.0
44.0
46.0
68.0
30.0
45.0
78.0
262.0
65.0
115.0
44.0
46.0
68.0
30.0
45.0
70.0
50.0
180.0
40.0
36.0
45.0
325.0
171.0
60.0
36.0
57.0
115.0
44.0
46.0
68.0
30.0
45.0
70.0
50.0
180.0
40.0
36.0
45.0
325.0
171.0
60.0
36.0
57.0
44.0
1340.0
76.0
45.0
70.0
50.0
180.0
40.0
36.0
45.0
325.0
171.0
60.0
36.0
57.0
44.0
1340.0
76.0
106.0
40.0
40.0
55.0
80.0
70.0
50.0
180.0
40.0
36.0
325.0
45.0
171.0
60.0
36.0
57.0
44.0
1340.0
76.0
106.0
40.0
40.0
55.0
80.0
55.0
325.0
171.0
60.0
36.0
57.0
44.0
1340.0
76.0
106.0
40.0
40.0
55.0
80.0
55.0
92.0
139.0
73.0
59.0
51.0
100.0
57.0
44.0
1340.0
76.0
106.0
40.0
40.0
55.0
80.0
55.0
139.0
92.0
73.0
59.0
51.0
100.0
40.0
150.0
46.0
45.0
55.0
92.0
139.0
73.0
59.0
51.0
100.0
40.0
150.0
46.0
45.0
266.0
200.0
215.0
48.0
72.0
35.0
180.0
105.0
76.0
215.0
48.0
72.0
35.0
180.0
105.0
76.0
115.0
74.0
58.0
45.0
39.0
260.0
38.0
45.0
199.0
375.0
69.0
43.0
420.0
74.0
58.0
45.0
39.0
260.0
38.0
45.0
199.0
375.0
69.0
43.0
420.0
51.0
113.0
33.0
43.0
85.0
36.0
1400.0
89.0
43.0
420.0
51.0
113.0
33.0
43.0
85.0
36.0
1400.0
89.0
65.0
280.0
136.0
40.0
35.0
43.0
58.0
33.0
50.0
120.0
40.0
35.0
43.0
58.0
33.0
50.0
120.0
45.0
220.0
54.0
35.0
42.0
88.0
278.0
260.0
52.0
252.0
300.0
36.0
40.0
278.0
260.0
52.0
252.0
300.0
36.0
40.0
41.0
80.0
1200.0
58.0
35.0
32.0
90.0
60.0
68.0
220.0
78.0
43.0
2835.0
36.0
41.0
80.0
1200.0
58.0
35.0
32.0
90.0
60.0
68.0
220.0
78.0
43.0
2835.0
50.0
420.0
59.0
41.0
40.0
46.0
35.0
32.0
90.0
60.0
68.0
220.0
78.0
43.0
2835.0
50.0
420.0
59.0
41.0
40.0
46.0
74.0
55.0
72.0
40.0
340.0
40.0
46.0
74.0
55.0
72.0
40.0
340.0
30.0
60.0
85.0
53.0
36.0
51.0
50.0
230.0
245.0
57.0
36.0
33.0
85.0
36.0
51.0
50.0
230.0
245.0
57.0
36.0
33.0
85.0
72.0
45.0
46.0
5.0
30.0
225.0
95.0
31.0
50.0
79.0
334.0
46.0
5.0
30.0
225.0
95.0
31.0
50.0
79.0
334.0
94.0
127.0
110.0
300.0
45.0
50.0
35.0
200.0
48.0
100.0
127.0
110.0
300.0
45.0
50.0
35.0
200.0
48.0
100.0
40.0
500.0
65.0
65.0
65.0
21.0
141.0
40.0
36.0
40.0
39.0
65.0
65.0
21.0
141.0
40.0
36.0
40.0
39.0
34.0
13.0
71.0
33.0
414.0
28.0
47.0
48.0
478.0
100.0
50.0
28.0
47.0
48.0
478.0
100.0
50.0
91.0
328.0
47.0
43.0
55.0
245.0
38.0
155.0
56.0
25.0
52.0
134.0
46.0
56.0
25.0
52.0
134.0
46.0
55.0
82.0
102.0
120.0
95.0
144.0
90.0
45.0
95.0
50.0
183.0
60.0
179.0
47.0
130.0
102.0
120.0
95.0
144.0
90.0
45.0
95.0
50.0
183.0
60.0
179.0
47.0
130.0
65.0
350.0
114.0
45.0
44.0
110.0
71.0
50.0
183.0
60.0
179.0
47.0
130.0
65.0
350.0
114.0
45.0
44.0
110.0
71.0
47.0
47.0
72.0
160.0
85.0
41.0
235.0
110.0
71.0
47.0
47.0
72.0
160.0
41.0
85.0
235.0
52.0
50.0
400.0
73.0
42.0
43.0
85.0
44.0
180.0
60.0
200.0
43.0
85.0
44.0
180.0
60.0
200.0
219.0
45.0
86.0
80.0
115.0
103.0
35.0
40.0
52.0
100.0
48.0
45.0
80.0
120.0
200.0
219.0
45.0
86.0
80.0
115.0
103.0
35.0
40.0
52.0
45.0
48.0
80.0
100.0
120.0
110.0
38.0
231.0
39.0
46.0
40.0
52.0
80.0
48.0
100.0
45.0
120.0
110.0
38.0
231.0
39.0
46.0
298.0
40.0
50.0
198.0
99.0
47.0
1161.0
89.0
46.0
40.0
50.0
198.0
99.0
47.0
1161.0
89.0
144.0
45.0
246.0
90.0
295.0
45.0
72.0
45.0
170.0
120.0
45.0
60.0
47.0
1161.0
89.0
144.0
45.0
246.0
90.0
295.0
45.0
72.0
45.0
170.0
120.0
45.0
60.0
45.0
200.0
80.0
32.0
62.0
45.0
80.0
200.0
32.0
62.0
80.0
50.0
62.0
40.0
92.0
228.0
73.0
42.0
99.0
90.0
260.0
43.0
60.0
42.0
60.0
120.0
45.0
60.0
45.0
80.0
200.0
32.0
62.0
80.0
62.0
50.0
40.0
92.0
228.0
73.0
99.0
42.0
90.0
260.0
43.0
80.0
32.0
62.0
80.0
62.0
50.0
40.0
92.0
228.0
73.0
42.0
99.0
90.0
260.0
43.0
60.0
42.0
60.0
315.0
80.0
40.0
92.0
228.0
73.0
42.0
99.0
90.0
260.0
43.0
60.0
42.0
60.0
315.0
80.0
115.0
70.0
207.0
75.0
505.0
120.0
42.0
90.0
260.0
43.0
60.0
42.0
60.0
315.0
80.0
115.0
70.0
207.0
75.0
505.0
120.0
66.0
100.0
100.0
171.0
45.0
80.0
115.0
70.0
207.0
75.0
505.0
120.0
66.0
100.0
100.0
171.0
45.0
270.0
90.0
145.0
139.0
85.0
90.0
110.0
55.0
60.0
42.0
60.0
315.0
80.0
115.0
70.0
207.0
75.0
505.0
120.0
66.0
100.0
100.0
171.0
45.0
270.0
90.0
145.0
139.0
260.0
43.0
60.0
42.0
60.0
315.0
80.0
115.0
70.0
207.0
75.0
505.0
120.0
66.0
100.0
100.0
171.0
45.0
270.0
90.0
60.0
42.0
60.0
315.0
80.0
115.0
70.0
207.0
75.0
505.0
120.0
66.0
100.0
100.0
171.0
45.0
270.0
90.0
145.0
139.0
120.0
66.0
100.0
100.0
171.0
45.0
270.0
90.0
145.0
139.0
85.0
90.0
110.0
55.0
44.0
107.0
120.0
135.0
665.0
171.0
45.0
270.0
90.0
145.0
139.0
85.0
110.0
90.0
55.0
44.0
107.0
120.0
135.0
665.0
45.0
56.0
195.0
320.0
145.0
139.0
85.0
90.0
110.0
55.0
44.0
107.0
120.0
135.0
665.0
45.0
56.0
195.0
320.0
50.0
176.0
52.0
171.0
195.0
320.0
50.0
176.0
52.0
171.0
304.0
137.0
76.0
45.0
58.0
125.0
150.0
77.0
182.0
144.0
150.0
188.0
44.0
3741.0
50.0
176.0
52.0
171.0
304.0
137.0
76.0
45.0
58.0
125.0
150.0
77.0
182.0
144.0
150.0
188.0
44.0
3741.0
48.0
78.0
125.0
150.0
77.0
182.0
144.0
150.0
188.0
44.0
3741.0
48.0
78.0
264.0
135.0
3136.0
105.0
220.0
33.0
55.0
85.0
326.0
3741.0
48.0
78.0
264.0
135.0
3136.0
105.0
220.0
33.0
55.0
85.0
326.0
235.0
68.0
50.0
80.0
75.0
46.0
38.0
65.0
3136.0
105.0
220.0
33.0
55.0
85.0
326.0
235.0
68.0
50.0
80.0
75.0
46.0
38.0
65.0
73.0
68.0
33.0
60.0
90.0
68.0
50.0
80.0
75.0
46.0
38.0
65.0
73.0
68.0
33.0
60.0
90.0
66.0
153.0
45.0
50.0
60.0
68.0
37.0
46.0
60.0
90.0
66.0
153.0
45.0
50.0
60.0
68.0
37.0
46.0
81.0
70.0
90.0
90.0
250.0
42.0
62.0
40.0
185.0
183.0
90.0
90.0
250.0
62.0
42.0
40.0
185.0
183.0
64.0
82.0
175.0
50.0
105.0
38.0
30112.0
45.0
100.0
72.0
60.0
75.0
64.0
82.0
175.0
50.0
105.0
38.0
30112.0
45.0
100.0
72.0
60.0
75.0
95.0
60.0
125.0
48.0
487.0
91.0
115.0
45.0
48.0
487.0
91.0
115.0
45.0
60.0
40.0
44.0
44.0
3134.0
96.0
95.0
680.0
99.0
82.0
306.0
3.0
70.0
42.0
40.0
44.0
3134.0
96.0
95.0
680.0
99.0
82.0
306.0
3.0
70.0
42.0
40.0
35.0
95.0
51.0
67.0
80.0
98.0
30.0
250.0
70.0
40.0
42.0
35.0
95.0
51.0
67.0
80.0
98.0
30.0
250.0
100.0
35.0
60.0
68.0
90.0
180.0
54.0
51.0
35.0
250.0
100.0
35.0
60.0
68.0
90.0
180.0
54.0
51.0
35.0
78.0
42.0
80.0
45.0
33.0
30.0
52.0
125.0
203.0
110.0
45.0
30.0
33.0
52.0
125.0
203.0
110.0
58.0
296.0
80.0
50.0
56.0
5143.0
116.0
103.0
10.0
62.0
88.0
72.0
48.0
116.0
103.0
10.0
62.0
88.0
72.0
48.0
55.0
30.0
133.0
380.0
271.0
60.0
44.0
80.0
100.0
73.0
44.0
82.0
50.0
100.0
73.0
44.0
82.0
50.0
160.0
50.0
1062.0
46.0
70.0
42.0
43.0
166.0
80.0
62.0
445.0
84.0
63.0
74.0
80.0
43.0
166.0
80.0
62.0
445.0
84.0
63.0
74.0
80.0
171.0
31.0
55.0
200.0
100.0
235.0
50.0
60.0
30.0
95.0
57.0
31.0
55.0
200.0
100.0
235.0
50.0
60.0
30.0
95.0
57.0
40.0
33.0
285.0
55.0
54.0
66.0
210.0
70.0
38.0
200.0
55.0
66.0
54.0
210.0
70.0
38.0
200.0
350.0
159.0
48.0
90.0
80.0
45.0
83.0
65.0
40.0
65.0
172.0
60.0
360.0
159.0
48.0
90.0
80.0
45.0
83.0
65.0
40.0
65.0
172.0
60.0
360.0
130.0
200.0
30.0
48.0
320.0
130.0
130.0
112.0
83.0
65.0
40.0
65.0
172.0
60.0
360.0
130.0
200.0
30.0
48.0
320.0
130.0
130.0
112.0
45.0
210.0
191.0
62.0
86.0
130.0
200.0
30.0
48.0
130.0
320.0
130.0
112.0
45.0
210.0
191.0
62.0
86.0
85.0
48.0
100.0
162.0
40.0
145.0
46.0
112.0
45.0
210.0
191.0
62.0
86.0
85.0
48.0
100.0
162.0
40.0
145.0
46.0
112.0
400.0
180.0
48.0
42.0
48.0
60.0
40.0
145.0
46.0
112.0
400.0
180.0
48.0
42.0
48.0
60.0
38.0
90.0
172.0
72.0
78.0
45.0
100.0
72.0
50.0
50.0
90.0
172.0
72.0
78.0
45.0
100.0
72.0
50.0
50.0
100.0
75.0
72.0
110.0
95.0
132.0
68.0
93.0
99.0
85.0
100.0
72.0
50.0
50.0
100.0
72.0
75.0
110.0
95.0
132.0
68.0
93.0
99.0
85.0
100.0
92.0
85.0
60.0
220.0
52.0
78.0
100.0
92.0
85.0
60.0
220.0
52.0
78.0
80.0
125.0
55.0
86.0
130.0
160.0
78.0
35.0
200.0
103.0
135.0
72.0
75.0
60.0
220.0
52.0
78.0
80.0
125.0
55.0
86.0
130.0
160.0
78.0
35.0
200.0
103.0
135.0
72.0
75.0
2000.0
95.0
59.0
160.0
78.0
35.0
200.0
103.0
135.0
72.0
75.0
2000.0
95.0
59.0
200.0
80.0
491.0
120.0
72.0
700.0
53.0
90.0
368.0
103.0
135.0
72.0
75.0
2000.0
59.0
95.0
200.0
80.0
491.0
120.0
72.0
700.0
53.0
368.0
90.0
55.0
70.0
98.0
68.0
80.0
125.0
55.0
86.0
130.0
160.0
78.0
35.0
200.0
103.0
135.0
72.0
75.0
2000.0
59.0
95.0
200.0
80.0
491.0
72.0
78.0
35.0
200.0
103.0
135.0
72.0
75.0
2000.0
95.0
59.0
200.0
80.0
491.0
72.0
120.0
700.0
53.0
368.0
90.0
55.0
59.0
200.0
80.0
491.0
120.0
72.0
700.0
53.0
90.0
368.0
55.0
70.0
98.0
68.0
58.0
72.0
740.0
60.0
93.0
336.0
55.0
70.0
98.0
68.0
58.0
72.0
93.0
60.0
740.0
336.0
80.0
180.0
80.0
37.0
30112.0
86.0
60.0
110.0
180.0
100.0
60.0
93.0
336.0
80.0
80.0
180.0
37.0
30112.0
86.0
60.0
110.0
180.0
100.0
130.0
84.0
60.0
80.0
80.0
90.0
39.0
180.0
80.0
37.0
30112.0
86.0
60.0
110.0
180.0
100.0
130.0
84.0
60.0
80.0
80.0
90.0
39.0
45.0
49.0
50.0
50.0
60.0
110.0
180.0
100.0
130.0
84.0
60.0
80.0
80.0
90.0
39.0
45.0
49.0
50.0
50.0
142.0
298.0
120.0
430.0
84.0
180.0
100.0
130.0
84.0
60.0
80.0
80.0
90.0
39.0
45.0
49.0
50.0
50.0
298.0
142.0
120.0
430.0
84.0
95.0
2000.0
90.0
39.0
45.0
49.0
50.0
50.0
298.0
142.0
120.0
430.0
84.0
95.0
2000.0
60.0
229.0
185.0
85.0
447.0
200.0
72.0
60.0
80.0
80.0
90.0
39.0
45.0
49.0
50.0
50.0
298.0
142.0
120.0
430.0
84.0
95.0
2000.0
60.0
229.0
185.0
85.0
110.0
180.0
100.0
130.0
84.0
60.0
80.0
80.0
90.0
39.0
45.0
49.0
50.0
50.0
142.0
298.0
120.0
430.0
84.0
95.0
80.0
80.0
90.0
39.0
45.0
49.0
50.0
50.0
142.0
298.0
120.0
430.0
84.0
95.0
2000.0
60.0
229.0
185.0
85.0
447.0
80.0
80.0
90.0
39.0
45.0
49.0
50.0
50.0
142.0
298.0
120.0
430.0
84.0
95.0
2000.0
60.0
229.0
185.0
85.0
447.0
80.0
80.0
90.0
39.0
45.0
49.0
50.0
50.0
298.0
142.0
120.0
430.0
84.0
95.0
2000.0
60.0
229.0
185.0
85.0
447.0
60.0
80.0
80.0
90.0
39.0
45.0
49.0
50.0
50.0
142.0
298.0
120.0
430.0
84.0
95.0
2000.0
60.0
229.0
185.0
85.0
130.0
84.0
60.0
80.0
80.0
90.0
39.0
45.0
49.0
50.0
50.0
298.0
142.0
120.0
430.0
84.0
95.0
2000.0
60.0
229.0
80.0
80.0
90.0
39.0
45.0
49.0
50.0
50.0
142.0
298.0
120.0
430.0
84.0
95.0
2000.0
60.0
229.0
185.0
85.0
447.0
45.0
49.0
50.0
50.0
298.0
142.0
120.0
430.0
84.0
95.0
2000.0
60.0
229.0
185.0
85.0
447.0
200.0
72.0
208.0
70.0
39.0
45.0
49.0
50.0
50.0
298.0
142.0
120.0
430.0
84.0
95.0
2000.0
60.0
229.0
185.0
85.0
447.0
200.0
72.0
208.0
45.0
49.0
50.0
50.0
142.0
298.0
120.0
430.0
84.0
95.0
2000.0
60.0
229.0
185.0
85.0
447.0
72.0
200.0
208.0
169.0
80.0
90.0
39.0
45.0
49.0
50.0
50.0
298.0
142.0
120.0
430.0
84.0
95.0
2000.0
60.0
229.0
185.0
85.0
447.0
200.0
39.0
45.0
49.0
50.0
50.0
142.0
298.0
120.0
430.0
84.0
95.0
2000.0
60.0
229.0
185.0
85.0
447.0
72.0
200.0
208.0
50.0
298.0
142.0
120.0
430.0
84.0
95.0
2000.0
60.0
229.0
185.0
85.0
447.0
72.0
200.0
208.0
169.0
70.0
64.0
50.0
85.0
447.0
72.0
200.0
208.0
70.0
169.0
64.0
50.0
60.0
195.0
1480.0
252.0
42.0
90.0
102.0
82.0
52.0
45.0
82.0
60.0
229.0
185.0
85.0
447.0
200.0
72.0
208.0
70.0
169.0
64.0
50.0
60.0
195.0
1480.0
252.0
42.0
90.0
102.0
82.0
70.0
64.0
50.0
60.0
195.0
1480.0
252.0
42.0
90.0
102.0
82.0
52.0
45.0
82.0
36.0
325.0
250.0
680.0
180.0
210.0
1480.0
195.0
252.0
42.0
90.0
102.0
82.0
52.0
82.0
45.0
36.0
325.0
250.0
680.0
180.0
210.0
80.0
90.0
50.0
160.0
50.0
60.0
195.0
1480.0
252.0
42.0
90.0
102.0
82.0
52.0
82.0
45.0
36.0
325.0
250.0
680.0
180.0
210.0
80.0
90.0
252.0
42.0
90.0
102.0
82.0
52.0
45.0
82.0
36.0
325.0
250.0
680.0
180.0
210.0
80.0
90.0
50.0
160.0
140.0
37.0
680.0
180.0
210.0
80.0
90.0
50.0
160.0
140.0
37.0
60.0
31.0
63.0
36.0
124.0
55.0
35.0
64.0
60.0
93.0
120.0
36.0
325.0
250.0
680.0
180.0
210.0
80.0
90.0
50.0
160.0
140.0
37.0
60.0
31.0
63.0
36.0
124.0
55.0
35.0
64.0
210.0
80.0
90.0
50.0
160.0
140.0
37.0
60.0
31.0
63.0
36.0
124.0
55.0
35.0
64.0
60.0
93.0
120.0
61.0
45.0
124.0
55.0
35.0
64.0
60.0
93.0
120.0
61.0
45.0
176.0
1155.0
111.0
58.0
235.0
106.0
80.0
55.0
30.0
74.0
100.0
111.0
58.0
235.0
106.0
80.0
55.0
30.0
74.0
100.0
40.0
42.0
240.0
83.0
105.0
65.0
41.0
115.0
57.0
59.0
155.0
42.0
240.0
83.0
105.0
65.0
41.0
115.0
57.0
59.0
155.0
37.0
82.0
52.0
55.0
46.0
240.0
58.0
21.0
144.0
250.0
41.0
115.0
57.0
59.0
155.0
37.0
82.0
52.0
55.0
46.0
240.0
58.0
21.0
144.0
250.0
54.0
48.0
71.0
70.0
41.0
55.0
46.0
240.0
58.0
21.0
144.0
250.0
54.0
48.0
71.0
70.0
41.0
50.0
45.0
100.0
196.0
149.0
110.0
107.0
38.0
71.0
70.0
41.0
50.0
45.0
100.0
196.0
149.0
110.0
107.0
38.0
36.0
50.0
42.0
37.0
162.0
60.0
160.0
78.0
55.0
41.0
50.0
45.0
100.0
196.0
149.0
110.0
107.0
38.0
36.0
50.0
42.0
37.0
162.0
60.0
160.0
78.0
55.0
50.0
115.0
196.0
149.0
110.0
107.0
38.0
36.0
50.0
42.0
37.0
162.0
60.0
160.0
78.0
55.0
50.0
115.0
44.0
60.0
100.0
61.0
100.0
196.0
149.0
110.0
107.0
38.0
36.0
50.0
42.0
37.0
162.0
60.0
160.0
78.0
55.0
50.0
115.0
44.0
60.0
100.0
149.0
110.0
107.0
38.0
36.0
50.0
42.0
37.0
162.0
60.0
160.0
78.0
55.0
50.0
115.0
44.0
60.0
100.0
61.0
65.0
36.0
50.0
42.0
37.0
162.0
60.0
160.0
78.0
55.0
50.0
115.0
44.0
60.0
100.0
61.0
65.0
60.0
46.0
44.0
50.0
55.0
50.0
115.0
44.0
60.0
100.0
61.0
65.0
60.0
46.0
44.0
50.0
81.0
63.0
89.0
66.0
110.0
200.0
36.0
43.0
44.0
50.0
81.0
63.0
89.0
66.0
110.0
200.0
36.0
43.0
55.0
135.0
62.0
70.0
78.0
46.0
600.0
60.0
60.0
65.0
200.0
36.0
43.0
55.0
135.0
62.0
70.0
78.0
46.0
600.0
60.0
65.0
60.0
48.0
155.0
232.0
120.0
666.0
100.0
60.0
120.0
60.0
100.0
355.0
94.0
62.0
88.0
140.0
64.0
65.0
38.0
56.0
110.0
85.0
120.0
65.0
50.0
170.0
60.0
300.0
38.0
56.0
110.0
85.0
120.0
65.0
50.0
170.0
300.0
60.0
160.0
52.0
43.0
102.0
39.0
230.0
321.0
72.0
86.0
1110.0
120.0
65.0
50.0
170.0
300.0
60.0
160.0
52.0
43.0
102.0
39.0
230.0
321.0
72.0
86.0
1110.0
210.0
66.0
188.0
312.0
230.0
321.0
72.0
86.0
1110.0
210.0
66.0
188.0
312.0
94.0
2740.0
64.0
284.0
630.0
105.0
128.0
48.0
70.0
68.0
590.0
630.0
105.0
128.0
48.0
70.0
68.0
590.0
56.0
150.0
52.0
130.0
40.0
416.0
27.0
48.0
80.0
142.0
50.0
331.0
15.0
416.0
27.0
48.0
80.0
142.0
50.0
331.0
15.0
35.0
40.0
190.0
80.0
62.0
42.0
195.0
205.0
20.0
126.0
45.0
100.0
205.0
20.0
126.0
45.0
100.0
65.0
195.0
170.0
86.0
32.0
41.0
99.0
118.0
25.0
30.0
2330.0
168.0
40.0
38.0
190.0
168.0
40.0
38.0
190.0
140.0
41.0
75.0
100.0
150.0
52.0
220.0
90.0
130.0
95.0
180.0
35.0
150.0
400.0
55.0
95.0
180.0
35.0
400.0
150.0
55.0
128.0
40.0
176.0
240.0
95.0
140.0
30.0
102.0
150.0
62.0
35.0
63.0
3700.0
97.0
140.0
30.0
102.0
150.0
62.0
35.0
63.0
3700.0
97.0
55.0
92.0
10000.0
42.0
71.0
42.0
55.0
70.0
98.0
100.0
23000.0
55.0
98.0
100.0
23000.0
85.0
50.0
3000.0
5700.0
210.0
63.0
36.0
43.0
116.0
41.0
105.0
127.0
50.0
65.0
40.0
175.0
36.0
43.0
116.0
41.0
127.0
105.0
50.0
65.0
40.0
175.0
200.0
3200.0
155.0
150.0
5400.0
72.0
68.0
32.0
110.0
41.0
155.0
150.0
5400.0
72.0
68.0
32.0
41.0
110.0
63.0
90.0
57.0
56.0
74.0
110.0
50.0
70.0
39.0
55.0
177.0
45.0
41.0
110.0
63.0
90.0
57.0
56.0
74.0
110.0
50.0
70.0
39.0
55.0
177.0
45.0
65.0
46.0
80.0
75.0
56.0
28.0
39.0
55.0
177.0
45.0
65.0
46.0
80.0
75.0
56.0
28.0
222.0
115.0
142.0
1200.0
65.0
66.0
40.0
55.0
46.0
56.0
75.0
56.0
28.0
222.0
115.0
142.0
1200.0
65.0
66.0
40.0
55.0
46.0
56.0
38.0
110.0
10000.0
52.0
39.0
55.0
511.0
39.0
55.0
511.0
168.0
100.0
100.0
40.0
396.0
40.0
100.0
75.0
33.0
135.0
55.0
162.0
76.0
105.0
75.0
78.0
202.0
135.0
55.0
162.0
76.0
105.0
75.0
78.0
202.0
120.0
70.0
82.0
41.0
56.0
65.0
46.0
61.0
85.0
51.0
36.0
5770.0
120.0
70.0
82.0
41.0
56.0
65.0
46.0
61.0
85.0
51.0
36.0
350.0
5770.0
179.0
95.0
194.0
86.0
99.0
42.0
215.0
51.0
36.0
350.0
5770.0
95.0
179.0
194.0
86.0
99.0
42.0
215.0
236.0
45.0
88.0
680.0
200.0
207.0
55.0
163.0
48.0
110.0
63.0
66.0
50.0
48.0
63.0
35.0
210.0
52.0
18.0
67.0
