6.99
4.2
12.5
7.2
5.25
3.7
6.3
62.0
45.0
10.0
4.5
3.0
4.0
3.5
11.0
6.4
95.0
2.0
47.0
5.7
15.0
2.95
62.0
2.0
11.0
4.5
7.2
6.99
3.5
12.5
4.2
6.3
95.0
5.7
4.0
10.0
3.7
5.25
45.0
6.4
4.5
7.2
6.99
3.5
12.5
4.2
6.3
95.0
5.7
4.0
10.0
3.7
5.25
45.0
6.4
47.0
4.25
3.0
7.6
4.0
5.7
4.0
10.0
3.7
5.25
45.0
6.4
47.0
4.25
3.0
7.6
4.0
7.4
27.5
6.2
4.98
75.8
1.9
6.28
4.25
11.0
2.0
4.5
7.2
6.99
3.5
12.5
4.2
6.3
95.0
5.7
4.0
10.0
3.7
5.25
45.0
6.4
47.0
3.0
4.25
45.0
1.6
19.0
15.0
2.95
62.0
2.0
11.0
4.5
7.2
6.99
3.5
12.5
4.2
6.3
95.0
5.7
4.0
10.0
3.7
15.0
2.95
62.0
2.0
11.0
4.5
7.2
6.99
3.5
12.5
4.2
6.3
95.0
5.7
4.0
10.0
3.7
5.25
45.0
6.4
2.95
62.0
2.0
11.0
4.5
7.2
6.99
3.5
12.5
4.2
6.3
95.0
5.7
4.0
10.0
3.7
5.25
45.0
6.4
47.0
4.2
6.3
95.0
5.7
4.0
10.0
3.7
5.25
45.0
6.4
47.0
4.25
3.0
7.6
4.0
7.4
27.5
6.2
75.8
4.98
62.0
2.0
11.0
4.5
7.2
6.99
3.5
12.5
4.2
6.3
95.0
5.7
4.0
10.0
3.7
5.25
45.0
6.4
47.0
4.25
3.5
10.2
45.0
1.6
19.0
15.0
2.95
62.0
11.0
2.0
4.5
7.2
6.99
3.5
12.5
4.2
6.3
95.0
5.7
4.0
1.65
3.5
10.2
1.6
45.0
19.0
15.0
2.95
62.0
2.0
11.0
4.5
7.2
6.99
3.5
12.5
4.2
6.3
95.0
5.7
1.65
3.5
10.2
1.6
45.0
19.0
15.0
2.95
62.0
2.0
11.0
4.5
7.2
6.99
3.5
12.5
4.2
6.3
95.0
5.7
19.8
31.5
6.7
1.65
3.5
10.2
45.0
1.6
19.0
15.0
2.95
62.0
11.0
2.0
4.5
7.2
6.99
3.5
12.5
4.2
5.6
180.0
19.8
6.7
31.5
1.65
3.5
10.2
1.6
45.0
19.0
15.0
2.95
62.0
2.0
11.0
4.5
7.2
6.99
3.5
19.8
31.5
6.7
1.65
3.5
10.2
45.0
1.6
19.0
15.0
2.95
62.0
2.0
11.0
4.5
7.2
6.99
3.5
12.5
4.2
16.5
2.4
4.65
2.7
5.6
180.0
19.8
6.7
31.5
1.65
3.5
10.2
1.6
45.0
19.0
15.0
2.95
62.0
2.0
11.0
19.8
31.5
6.7
1.65
3.5
10.2
45.0
1.6
19.0
15.0
2.95
62.0
2.0
11.0
4.5
7.2
6.99
3.5
12.5
4.2
5.6
180.0
19.8
31.5
6.7
1.65
3.5
10.2
1.6
45.0
19.0
15.0
2.95
62.0
2.0
11.0
4.5
7.2
6.99
3.5
31.5
6.7
1.65
3.5
10.2
1.6
45.0
19.0
15.0
2.95
62.0
11.0
2.0
4.5
7.2
6.99
3.5
12.5
4.2
6.3
1.65
3.5
10.2
1.6
45.0
19.0
15.0
2.95
62.0
11.0
2.0
4.5
7.2
6.99
3.5
12.5
4.2
6.3
95.0
5.7
19.0
15.0
2.95
62.0
2.0
11.0
4.5
7.2
6.99
3.5
12.5
4.2
6.3
95.0
5.7
4.0
10.0
3.7
5.25
45.0
6.3
95.0
5.7
4.0
10.0
3.7
5.25
45.0
6.4
47.0
3.0
4.25
7.6
4.0
7.4
27.5
6.2
4.98
75.8
1.9
3.7
5.25
45.0
6.4
47.0
4.25
3.0
7.6
4.0
7.4
27.5
6.2
75.8
4.98
1.9
6.28
4.25
12.5
19.8
8.3
75.8
1.9
6.28
4.25
8.3
12.5
19.8
9.0
5.28
8.49
3.0
22.8
54.0
6.2
3.25
8.38
4.6
26.5
1.7
4.6
5.28
3.0
22.8
54.0
6.2
3.25
8.38
4.6
26.5
1.7
4.6
2.2
5.6
39.0
16.5
18.5
17.0
2.39
7.0
4.5
4.6
2.2
5.6
39.0
18.5
17.0
16.5
2.39
7.0
4.5
13.5
17.5
14.8
6.5
1.99
35.0
11.0
1.45
6.7
35.0
1.99
35.0
11.0
1.45
6.7
35.0
48.0
7.05
19.0
3.9
21.5
2.5
7.2
2.3
85.0
3.8
103.0
83.0
7.4
3.2
3.8
103.0
83.0
7.4
3.2
3.78
7.1
3.0
27.5
45.0
3.3
3.5
3.0
8.88
7.4
3.8
2.6
64.0
6.2
2.8
35.0
48.0
7.05
19.0
3.9
21.5
2.5
7.2
2.3
85.0
3.8
103.0
83.0
7.4
3.2
3.78
7.1
3.0
27.5
45.0
3.8
103.0
83.0
7.4
3.78
3.2
7.1
3.0
27.5
45.0
3.3
3.5
3.0
8.88
7.4
3.8
2.6
64.0
6.2
2.8
3.0
27.5
45.0
3.3
3.5
3.0
8.88
7.4
3.8
2.6
64.0
6.2
2.8
35.0
98.0
8.0
5.75
3.95
2.9
2.2
3.8
2.6
64.0
6.2
2.8
35.0
98.0
8.0
5.75
3.95
2.9
2.2
20.0
5.75
25.5
0.003
1.75
17.8
2.8
14.5
2.2
5.75
20.0
25.5
3.0
1.75
17.8
2.8
14.5
31.5
10.0
5.5
4.5
5.9
9.8
12.3
4.68
5.5
23.5
68.0
5.9
9.8
12.3
4.68
5.5
23.5
68.0
8.5
3.7
3.0
135.0
20.0
4.2
65.8
3.5
3.5
1.7
5.0
5.85
3.0
20.0
4.2
65.8
3.5
3.5
1.7
5.0
5.85
3.0
3.2
11.0
23.0
5.0
8.0
9.9
4.0
38.0
2.6
5.8
6.5
1.7
5.85
5.0
3.0
3.2
11.0
23.0
5.0
8.0
9.9
4.0
38.0
2.6
5.8
6.5
37.5
3.7
48.5
3.25
7.8
3.2
11.0
23.0
5.0
8.0
9.9
4.0
38.0
2.6
5.8
6.5
37.5
48.5
3.7
3.25
7.8
5.1
4.2
2.9
6.3
23.0
5.0
8.0
9.9
4.0
38.0
2.6
5.8
6.5
37.5
3.7
48.5
3.25
7.8
5.1
4.2
2.9
6.3
5.0
35.0
37.5
3.7
48.5
3.25
7.8
5.1
4.2
2.9
6.3
5.0
35.0
3.45
6.0
5.56
145.0
7.5
40.0
0.72
600.0
290.0
6.3
35.0
5.0
3.45
6.0
5.56
145.0
7.5
40.0
0.72
600.0
290.0
3.7
5.1
9.5
8.0
3.75
16.0
3.9
6.3
2.9
6.3
5.0
35.0
3.45
6.0
5.56
145.0
7.5
40.0
0.72
600.0
290.0
3.7
5.1
9.5
8.0
3.75
16.0
3.9
3.45
6.0
5.56
145.0
7.5
40.0
0.72
600.0
290.0
3.7
5.1
9.5
8.0
3.75
16.0
3.9
6.3
130.0
60.0
40.0
290.0
3.7
5.1
9.5
8.0
3.75
16.0
3.9
6.3
130.0
60.0
40.0
10.5
60.0
4.7
20.0
4.6
4.8
7.3
28.5
5.1
9.5
8.0
3.75
16.0
3.9
6.3
130.0
60.0
40.0
60.0
10.5
4.7
20.0
4.6
4.8
7.3
30.0
28.5
8.3
8.0
3.75
16.0
3.9
6.3
130.0
60.0
40.0
10.5
60.0
4.7
20.0
4.6
4.8
7.3
30.0
28.5
8.3
52.8
150.0
40.0
0.72
600.0
290.0
3.7
5.1
9.5
8.0
3.75
16.0
3.9
6.3
130.0
60.0
40.0
60.0
10.5
4.7
20.0
4.6
5.1
9.5
8.0
3.75
16.0
3.9
6.3
130.0
60.0
40.0
10.5
60.0
4.7
20.0
4.8
4.6
7.3
30.0
28.5
8.3
290.0
3.7
5.1
9.5
8.0
3.75
16.0
3.9
6.3
130.0
60.0
40.0
60.0
10.5
4.7
20.0
4.6
4.8
7.3
30.0
3.7
5.1
9.5
8.0
3.75
16.0
3.9
6.3
130.0
60.0
40.0
60.0
10.5
4.7
20.0
4.8
4.6
7.3
28.5
30.0
5.1
9.5
8.0
3.75
16.0
3.9
6.3
130.0
60.0
40.0
60.0
10.5
4.7
20.0
4.8
4.6
7.3
28.5
30.0
8.3
3.9
6.3
130.0
60.0
40.0
10.5
60.0
4.7
20.0
4.6
4.8
7.3
28.5
30.0
8.3
52.8
150.0
255.0
4.0
58.5
4.7
20.0
4.6
4.8
7.3
28.5
30.0
8.3
52.8
150.0
255.0
4.0
58.5
17.2
8.0
2.75
58.0
17.0
4.95
26.0
4.6
4.8
7.3
30.0
28.5
8.3
52.8
150.0
255.0
4.0
58.5
17.2
8.0
2.75
58.0
17.0
4.95
26.0
6.0
45.0
255.0
4.0
58.5
17.2
8.0
2.75
58.0
17.0
4.95
26.0
6.0
45.0
13.0
128.0
59.0
8.0
3.2
125.0
28.8
28.0
17.0
4.95
26.0
6.0
45.0
13.0
128.0
59.0
8.0
3.2
125.0
28.8
28.0
23.0
43.0
11.5
51.0
22.5
65.0
90.0
8.0
3.2
125.0
28.8
28.0
23.0
43.0
11.5
51.0
22.5
65.0
90.0
2.7
33.0
3.9
54.5
130.0
25.0
71.0
26.0
2.7
33.0
3.9
54.5
130.0
25.0
71.0
26.0
6.0
10.0
11.0
38.5
16.5
50.6
54.0
2.4
25.0
19.5
49.0
90.0
11.0
38.5
16.5
50.6
54.0
2.4
25.0
19.5
49.0
90.0
40.5
30.0
10.5
16.5
64.0
25.5
120.0
11.5
8.39
25.5
54.0
2.4
25.0
19.5
49.0
90.0
40.5
30.0
10.5
16.5
64.0
25.5
120.0
11.5
8.39
25.5
14.0
19.5
31.0
41.0
49.0
40.5
90.0
30.0
10.5
16.5
64.0
25.5
120.0
11.5
8.39
25.5
14.0
19.5
31.0
41.0
9.8
2.9
68.0
18.5
64.0
25.5
120.0
11.5
8.39
25.5
14.0
19.5
31.0
41.0
9.8
2.9
68.0
18.5
48.0
2.65
3.9
60.0
180.0
65.0
31.0
41.0
9.8
2.9
68.0
18.5
48.0
2.65
3.9
60.0
180.0
65.0
58.0
118.0
6.0
53.0
1.65
7.1
2.8
3.7
60.0
180.0
65.0
58.0
118.0
53.0
6.0
1.65
7.1
3.7
2.8
64.0
1.57
5.7
3.7
6.0
53.0
4.8
18.5
4.1
3.7
2.8
64.0
1.57
5.7
3.7
6.0
53.0
4.8
18.5
4.1
2.8
32.5
22.0
17.5
10.0
52.5
48.5
7.5
4.8
18.5
4.1
2.8
32.5
22.0
17.5
10.0
52.5
48.5
7.5
4.8
3.9
15.9
32.0
156.0
45.0
15.5
14.8
10.9
3.25
15.9
32.0
156.0
45.0
15.5
14.8
10.9
3.25
25.0
5.2
10.0
8.4
51.0
16.5
4.7
7.0
13.3
5.15
6.5
35.0
5.2
10.0
8.4
51.0
16.5
4.7
7.0
13.3
5.15
6.5
35.0
228.0
79.0
3.0
63.0
2.65
2.3
2.9
3.3
32.0
3.0
63.0
2.65
2.3
2.9
3.3
32.0
2.5
7.5
3.68
105.0
32.0
41.0
6.2
2.25
3.6
26.5
21.9
19.0
99.0
2.5
7.5
3.68
105.0
32.0
41.0
6.2
2.25
3.6
26.5
21.9
19.0
99.0
42.0
3.9
22.5
15.1
2.95
5.5
6.56
3.68
32.0
105.0
41.0
6.2
2.25
3.6
26.5
21.9
19.0
99.0
42.0
3.9
22.5
15.1
2.95
5.5
6.56
65.0
2.5
42.0
3.9
22.5
15.1
2.95
5.5
6.56
65.0
2.5
3.2
32.0
12.5
50.0
11.0
68.0
120.0
2.5
36.0
62.0
15.0
3.9
22.5
15.1
2.95
5.5
6.56
65.0
2.5
3.2
12.5
32.0
50.0
11.0
68.0
120.0
2.5
62.0
36.0
15.0
16.5
50.0
11.0
68.0
120.0
2.5
36.0
62.0
15.0
16.5
15.5
9.5
4.9
21.5
6.7
54.0
3.5
46.5
1.3
1.6
1.75
36.0
62.0
15.0
16.5
15.5
9.5
4.9
21.5
6.7
54.0
3.5
46.5
1.3
1.6
1.75
4.75
15.0
4.885
2.95
30.0
54.0
3.5
46.5
1.3
1.6
1.75
4.75
15.0
4.885
2.95
30.0
2.4
3.2
2.1
8.0
1.0
15.2
16.5
49.5
13.4
8.0
1.0
15.2
16.5
49.5
13.4
6.7
69.5
3.9
55.0
51.0
15.5
1.6
155.0
31.0
2.55
16.0
31.0
25.0
2.8
51.0
1.6
155.0
31.0
2.55
16.0
31.0
25.0
2.8
145.0
27.0
6.7
35.0
31.5
2.8
45.0
4.55
60.0
4.2
5.4
2.8
145.0
27.0
6.7
35.0
31.5
2.8
45.0
4.55
60.0
4.2
5.4
19.8
3.9
18.0
213.0
38.0
4.0
5.6
20.5
5.4
19.8
3.9
18.0
213.0
38.0
4.0
5.6
20.5
36.5
5.2
3.1
6.8
16.8
7.4
225.0
2.2
21.0
4.85
5.15
2.2
21.0
4.85
5.15
550.0
14.0
2.2
7.3
23.0
82.0
2.5
42.8
5.99
390.0
7.3
64.3
18.0
4.3
22.9
20.0
2.5
42.8
5.99
390.0
7.3
64.3
18.0
22.9
4.3
20.0
9.2
3.45
29.0
29.5
5.6
7.7
2.9
4.2
21.0
56.0
4.2
21.0
56.0
30.0
31.8
2.75
3.6
2.38
5.8
36.5
2.55
52.0
10.5
4.75
42.0
5.1
58.0
27.8
5.9
32.0
4.75
42.0
58.0
5.1
27.8
5.9
32.0
5.45
7.7
7.5
6.5
12.7
175.0
39.0
17.5
12.5
9.3
30.0
4.4
40.0
175.0
39.0
17.5
12.5
9.3
30.0
4.4
40.0
4.15
145.0
28.5
35.0
5.6
3.1
2.65
30.0
15.0
78.0
34.0
1.8
30.0
15.0
78.0
34.0
1.8
6.6
7.3
18.5
16.7
7.0
4.6
5.6
12.4
5.5
13.9
7.6
11.0
5.3
7.5
13.4
13.9
7.6
5.5
11.0
5.3
7.5
95.0
24.0
13.4
16.3
7.8
7.5
20.0
44.5
50.0
6.3
23.5
3.35
0.29
7.1
6.3
23.5
3.35
0.29
7.1
7.3
4.95
54.0
4.15
6.3
42.5
7.0
82.0
4.4
69.0
63.0
26.5
8.59
90.0
45.0
7.0
82.0
4.4
69.0
63.0
26.5
8.59
90.0
16.0
45.0
4.7
4.1
44.8
20.6
24.0
6.5
3.6
57.0
34.0
22.0
44.8
20.6
24.0
6.5
3.6
57.0
34.0
22.0
15.8
16.5
6.65
16.0
3.6
6.7
61.0
30.5
167.0
5.95
3.8
5.5
3.6
6.7
61.0
30.5
167.0
5.95
3.8
5.5
1.7
6.6
3.29
26.0
66.0
5.7
5.8
55.0
6.2
2.9
3.0
2.8
5.8
55.0
6.2
2.9
3.0
2.8
29.0
6.2
7.3
5.0
6.65
45.0
16.8
1.8
39.5
25.0
21.0
10.8
4.68
17.5
6.65
45.0
16.8
1.8
39.5
25.0
21.0
10.8
4.68
17.5
10.5
39.9
33.0
13.8
28.7
6.4
7.8
26.5
75.0
39.0
25.0
21.0
10.8
4.68
17.5
10.5
39.9
33.0
13.8
28.7
7.8
6.4
26.5
75.0
39.0
30.0
7.8
4.5
36.0
33.0
75.0
39.0
7.8
30.0
4.5
36.0
33.0
0.075
14.8
83.0
6.0
0.14
5.9
3.8
6.5
5.6
0.13
5.7
6.4
3.8
0.075
14.8
83.0
6.0
0.14
5.9
3.8
6.5
5.6
0.13
5.7
6.4
3.8
93.0
0.06
4.05
520.0
75.0
5.5
88.0
3.8
93.0
0.06
4.05
520.0
75.0
5.5
88.0
0.62
7.8
29.9
5.65
3.8
43.0
50.0
4.9
0.115
47.0
3.55
5.6
5.65
3.8
43.0
50.0
4.9
0.115
47.0
3.55
5.6
16.9
4.0
2.65
0.8
13.5
3.9
20.5
7.5
6.5
2.0
5.6
0.115
47.0
3.55
5.6
16.9
4.0
2.65
0.8
13.5
3.9
20.5
7.5
6.5
2.0
5.6
2.9
19.5
45.0
5.4
4.15
47.0
5.6
3.55
16.9
4.0
2.65
0.8
13.5
3.9
20.5
7.5
6.5
2.0
5.6
2.9
19.5
45.0
5.4
4.15
6.2
7.5
6.5
2.0
5.6
2.9
19.5
45.0
5.4
4.15
6.2
15.2
760.0
4.4
54.0
1.15
35.0
7.3
1.6
16.5
4.35
15.2
760.0
4.4
54.0
1.15
7.3
35.0
1.6
16.5
4.35
63.0
52.5
2.65
105.0
0.829
42.0
56.0
5.3
47.5
1.8
16.5
4.35
63.0
52.5
2.65
105.0
0.829
42.0
56.0
5.3
47.5
1.8
6.5
4.2
9.8
3.2
4.15
59.0
50.0
0.399
3.2
50.0
4.15
59.0
0.399
18.5
3.85
19.5
0.14
5.5
3.65
42.5
0.399
13.8
136.0
11.5
2.65
1.731
400.0
11.0
42.5
0.399
13.8
136.0
11.5
2.65
1.731
400.0
11.0
0.35
56.0
5.5
3.3
5.25
23.5
10.8
35.0
4.2
52.0
0.45
35.0
4.2
52.0
0.45
0.135
10.7
4.15
0.35
24.6
115.0
4.4
3.1
6.4
5.5
22.6
5.985
40.0
4.9
1.88
4.9
3.1
6.4
5.5
5.985
22.6
40.0
4.9
1.88
4.9
119.0
4.5
8.0
6.5
18.0
21.0
2.8
4.5
5.0
3.6
14.0
1.88
4.9
119.0
4.5
8.0
6.5
18.0
21.0
2.8
4.5
5.0
3.6
14.0
4.0
6.4
43.0
420.0
6.6
160.0
16.0
420.0
6.6
160.0
16.0
5.0
5.9
5.4
7.6
69.0
2.4
3.5
28.0
4.15
3.9
5.99
24.5
3.2
30.0
2.5
3.9
5.99
24.5
3.2
30.0
2.5
7.3
3.9
5.5
11.5
65.0
7.75
6.6
49.0
5.2
3.2
33.0
10.0
5.5
11.5
65.0
7.75
49.0
6.6
5.2
3.2
33.0
10.0
7.6
23.0
48.0
2.5
50.0
23.0
45.0
61.0
5.8
1.83
50.0
23.0
45.0
61.0
5.8
1.83
50.0
5.6
17.0
28.0
5.8
5.7
24.0
2.9
48.0
6.4
4.15
158.0
3.6
24.0
2.9
48.0
6.4
4.15
158.0
3.6
66.0
9.5
11.5
9.2
1.65
4.9
18.9
3.7
8.0
3.6
3.1
2.9
7.5
3.6
66.0
9.5
1.65
4.9
9.2
11.5
18.9
3.7
8.0
3.6
3.1
2.9
7.5
6.4
2.25
7.85
14.7
18.9
5.3
3.1
2.9
7.5
6.4
2.25
7.85
14.7
5.3
18.9
6.5
3.98
12.5
6.3
5.9
62.0
4.45
6.9
180.0
5.0
54.0
18.9
6.5
3.98
12.5
5.9
6.3
62.0
4.45
6.9
180.0
5.0
54.0
3.8
35.0
5.9
115.0
125.0
6.5
3.279
1.55
4.45
6.9
180.0
5.0
54.0
3.8
35.0
115.0
5.9
125.0
6.5
3.279
1.55
36.0
5.25
5.2
5.05
7.2
115.0
3.75
6.9
180.0
5.0
54.0
3.8
35.0
5.9
115.0
6.5
125.0
3.279
1.55
36.0
5.25
5.2
5.05
7.2
115.0
3.75
2.2
180.0
5.0
54.0
3.8
35.0
115.0
5.9
6.5
125.0
3.279
1.55
36.0
5.25
5.2
5.05
7.2
115.0
3.75
2.2
35.0
3.279
1.55
36.0
5.25
5.2
5.05
7.2
115.0
3.75
2.2
35.0
12.9
10.9
11.5
5.5
19.98
9.9
200.0
6.0
16.3
3.279
1.55
36.0
5.25
5.2
5.05
7.2
115.0
3.75
2.2
35.0
12.9
10.9
11.5
5.5
19.98
9.9
200.0
6.0
16.3
7.2
115.0
3.75
2.2
35.0
12.9
10.9
11.5
5.5
19.98
9.9
200.0
6.0
16.3
42.0
3.7
12.5
11.8
6.3
31.0
10.9
11.5
5.5
19.98
9.9
200.0
6.0
16.3
42.0
3.7
12.5
11.8
31.0
6.3
11.0
5.25
2.3
5.9
27.0
8.6
11.5
5.5
19.98
9.9
200.0
6.0
16.3
42.0
3.7
12.5
11.8
31.0
6.3
11.0
5.25
2.3
5.9
27.0
8.6
2.2
5.25
2.3
5.9
27.0
8.6
2.2
28.6
3.9
52.0
33.0
5.2
20.0
10.8
5.3
4.85
5.9
5.6
25.0
7.8
12.0
5.2
20.0
5.3
10.8
4.85
5.9
5.6
25.0
7.8
12.0
4.68
45.5
7.75
3.5
4.2
5.98
5.5
3.35
2.55
2.6
25.0
7.8
12.0
4.68
45.5
7.75
3.5
4.2
5.98
5.5
3.35
2.55
2.6
4.7
6.95
28.5
3.65
6.5
2.8
10.5
7.8
12.0
4.68
45.5
7.75
3.5
4.2
5.98
5.5
3.35
2.55
2.6
4.7
6.95
28.5
3.65
6.5
2.8
10.5
13.0
3.5
4.2
5.98
5.5
3.35
2.55
2.6
4.7
28.5
6.95
3.65
6.5
2.8
10.5
13.0
5.5
7.15
7.5
37.8
99.0
13.0
5.5
7.15
7.5
37.8
99.0
110.0
4.4
1.52
30.0
4.6
10.7
17.0
5.6
19.9
3.1
95.0
11.5
40.0
110.0
110.0
4.4
1.52
30.0
4.6
10.7
17.0
5.6
19.9
3.1
95.0
11.5
40.0
110.0
7.2
0.85
16.0
5.15
48.0
4.3
37.8
99.0
110.0
4.4
1.52
30.0
4.6
10.7
17.0
5.6
19.9
3.1
95.0
11.5
40.0
7.2
110.0
0.85
16.0
5.15
4.6
10.7
17.0
5.6
19.9
3.1
95.0
11.5
40.0
110.0
7.2
0.85
16.0
5.15
48.0
4.3
1.95
26.0
5.0
1.85
0.85
16.0
5.15
48.0
4.3
1.95
26.0
5.0
1.85
35.0
5.5
105.0
3.0
4.5
1.85
167.0
46.5
27.8
4.55
1.96
48.0
4.3
1.95
26.0
5.0
1.85
35.0
5.5
105.0
3.0
4.5
1.85
167.0
46.5
27.8
4.55
1.96
4.5
76.5
2.6
1.85
35.0
5.5
105.0
3.0
4.5
1.85
167.0
46.5
27.8
4.55
1.96
4.5
76.5
2.6
26.07
6.3
2.8
1.5
3.75
35.0
5.5
105.0
3.0
4.5
167.0
1.85
46.5
27.8
4.55
1.96
4.5
76.5
2.6
26.07
6.3
2.8
1.5
3.75
8.5
167.0
46.5
27.8
4.55
1.96
4.5
76.5
26.0
26.07
6.3
2.8
1.5
3.75
8.5
17.5
5.25
6.1
13.0
4.98
2.5
1.96
4.5
76.5
2.6
26.07
6.3
2.8
1.5
3.75
8.5
5.25
17.5
6.1
13.0
4.98
2.5
6.38
43.0
6.7
1.85
8.5
17.5
5.25
6.1
13.0
4.98
2.5
6.38
43.0
6.7
1.85
68.0
26.5
6.35
6.2
45.0
5.9
170.0
27.5
3.4
6.35
6.2
45.0
5.9
170.0
27.5
3.4
119.0
33.0
6.45
4.3
4.98
23.0
5.2
7.9
14.25
86.0
1.85
5.0
435.0
33.0
6.45
4.3
4.98
23.0
5.2
7.9
14.25
86.0
1.85
5.0
435.0
8.2
5.4
5.2
6.3
11.0
2.85
300.0
3.45
5.0
435.0
8.2
5.4
5.2
6.3
11.0
2.85
300.0
3.45
3.6
21.5
45.0
18.0
5.25
1.6
0.98
5.25
4.0
14.45
18.0
5.25
1.6
0.98
5.25
4.0
14.45
5.85
165.0
6.8
4.0
6.2
1.31
89.0
0.56
4.5
28.5
3.15
2.9
5.8
89.0
0.56
4.5
28.5
3.15
2.9
5.8
6.9
6.2
15.6
6.45
3.8
7.2
2.86
7.0
3.3
73.0
68.0
6.5
5.5
2.9
6.9
6.2
15.6
6.45
3.8
7.2
2.86
7.0
3.3
73.0
68.0
6.5
5.5
7.9
302.0
6.9
5.0
3.9
5.9
3.8
7.2
2.86
7.0
3.3
73.0
68.0
6.5
5.5
7.9
302.0
6.9
5.0
3.9
5.9
12.8
17.6
39.0
3.9
95.0
3.9
5.9
12.8
17.6
39.0
3.9
95.0
2.65
20.8
6.7
9.0
2.7
5.25
4.3
35.0
42.5
7.0
0.004
3.2
11.5
2.7
5.25
4.3
35.0
42.5
7.0
4.0
3.2
11.5
6.85
5.8
6.8
9.0
3.45
17.0
3.55
3.55
29.5
4.3
45.0
6.8
9.0
3.45
17.0
3.55
3.55
29.5
4.3
45.0
7.3
3.55
5.99
115.0
5.0
12.9
3.8
24.0
7.5
17.0
3.55
5.99
115.0
5.0
12.9
3.8
24.0
7.5
17.0
6.8
4.0
8.4
2.99
11.2
5.5
17.5
5.1
22.0
6.5
5.3
2.99
11.2
5.5
17.5
5.1
22.0
6.5
5.3
4.5
1.8
4.498
5.0
26.0
3.4
3.5
6.2
2.8
16.2
5.5
3.4
3.5
6.2
2.8
16.2
5.5
22.5
520.0
6.0
12.5
9.5
33.0
3.8
33.5
4.9
2.65
15.5
39.5
8.4
4.9
2.65
15.5
39.5
8.4
5.8
35.0
22.0
4.5
28.0
52.0
6.0
4.2
40.0
18.0
55.0
5.0
23.8
3.05
75.0
22.0
4.5
28.0
52.0
6.0
4.2
40.0
18.0
55.0
5.0
23.8
3.05
75.0
21.0
190.0
3.75
36.0
4.5
15.5
10.5
18.0
55.0
5.0
23.8
3.05
75.0
21.0
190.0
3.75
36.0
4.5
15.5
10.5
3.05
3.05
35.0
64.0
12.5
5.5
42.5
15.5
10.5
3.05
3.05
35.0
64.0
5.5
12.5
42.5
7.4
8.35
50.0
43.0
8.0
15.8
13.2
6.9
23.8
5.3
4.0
15.8
13.2
6.9
23.8
5.3
4.0
5.7
4.28
6.5
8.76
3.19
71.0
5.0
16.5
7.5
10.3
25.9
2.6
4.9
7.35
4.0
5.7
4.28
6.5
8.76
3.19
71.0
5.0
16.5
7.5
2.6
25.9
4.9
10.3
7.35
15.5
4.1
39.0
4.3
1.8
16.5
7.5
4.9
25.9
10.3
2.6
7.35
15.5
4.1
39.0
4.3
1.8
38.0
68.0
4.7
27.5
4.3
3.05
47.0
5.65
1.8
68.0
4.7
27.5
4.3
3.05
47.0
5.65
52.0
6.1
75.0
31.0
59.5
9.2
6.9
4.2
68.0
70.0
4.3
26.0
3.05
47.0
5.65
52.0
6.1
75.0
31.0
59.5
9.2
6.9
4.2
68.0
70.0
4.3
26.0
9.2
25.0
56.5
5.5
36.0
9.2
56.5
25.0
5.5
36.0
8.0
16.0
2.85
4.8
8.7
27.0
6.4
5.5
12.3
8.0
23.0
1.7
6.45
6.2
80.0
70.0
4.3
26.0
9.2
56.5
25.0
5.5
36.0
8.0
2.85
16.0
4.8
8.7
27.0
6.4
12.3
5.5
8.0
23.0
1.7
56.5
5.5
36.0
8.0
2.85
16.0
4.8
8.7
27.0
6.4
5.5
12.3
8.0
23.0
1.7
6.45
6.2
80.0
31.5
10.2
4.8
8.7
27.0
6.4
5.5
12.3
8.0
23.0
1.7
6.45
6.2
80.0
31.5
10.2
4.85
5.5
11.75
8.0
30.0
13.0
5.5
8.0
23.0
1.7
6.45
6.2
80.0
31.5
10.2
4.85
5.5
11.75
8.0
30.0
13.0
4.25
7.7
18.0
18.5
7.8
10.2
4.85
5.5
11.75
8.0
30.0
13.0
4.25
7.7
18.0
18.5
7.8
180.0
34.0
8.1
68.0
11.5
2.95
43.7
31.5
6.45
6.2
80.0
31.5
10.2
4.85
5.5
11.75
8.0
30.0
13.0
4.25
7.7
18.0
18.5
7.8
180.0
34.0
8.1
68.0
23.0
1.7
6.45
6.2
80.0
31.5
10.2
4.85
5.5
11.75
8.0
30.0
13.0
4.25
7.7
18.0
18.5
7.8
180.0
34.0
6.45
6.2
80.0
31.5
10.2
4.85
5.5
11.75
8.0
30.0
13.0
4.25
7.7
18.0
18.5
7.8
180.0
34.0
8.1
68.0
13.0
4.25
7.7
18.0
18.5
7.8
180.0
34.0
8.1
68.0
11.5
2.95
43.7
31.5
8.8
15.5
3.9
14.0
265.0
18.5
7.8
180.0
34.0
8.1
68.0
11.5
43.7
2.95
31.5
8.8
15.5
3.9
14.0
265.0
4.2
6.3
42.8
26.0
8.1
68.0
11.5
2.95
43.7
31.5
8.8
15.5
3.9
14.0
265.0
4.2
6.3
42.8
26.0
7.4
7.8
6.35
3.3
42.8
26.0
7.4
7.8
6.35
3.3
24.5
14.0
2.9
18.5
2.35
6.4
74.0
17.0
65.0
49.0
6.5
24.0
4.2
5.5
7.4
7.8
6.35
3.3
24.5
14.0
2.9
18.5
2.35
6.4
74.0
17.0
65.0
49.0
6.5
24.0
4.2
5.5
25.5
4.8
6.4
74.0
17.0
65.0
49.0
6.5
24.0
4.2
5.5
25.5
4.8
27.9
16.5
6.5
21.5
185.0
5.0
10.5
7.4
12.0
5.5
25.5
4.8
27.9
16.5
6.5
21.5
185.0
5.0
10.5
7.4
12.0
61.0
6.4
7.3
8.9
3.1
11.8
6.45
3.109
6.5
21.5
185.0
5.0
10.5
7.4
12.0
61.0
6.4
7.3
8.9
3.1
11.8
6.45
3.109
14.2
8.6
3.7
7.0
7.2
6.4
7.3
8.9
3.1
11.8
6.45
3.109
14.2
8.6
3.7
7.0
7.2
3.2
59.0
2.7
5.85
8.9
3.2
4.15
4.25
7.0
7.2
3.2
59.0
2.7
5.85
8.9
3.2
4.15
4.25
5.35
26.5
7.4
11.0
26.5
3.199
15.5
6.5
22.0
55.0
7.4
11.0
26.5
15.5
3.199
6.5
22.0
55.0
6.0
9.5
103.0
15.5
21.5
7.9
3.4
6.0
11.0
5.5
6.5
13.5
6.0
9.5
103.0
15.5
21.5
7.9
3.4
6.0
11.0
5.5
6.5
13.5
34.5
8.9
15.0
5.7
7.9
7.5
3.19
5.0
5.7
7.9
7.5
3.19
5.0
8.3
3.5
3.5
5.3
4.0
5.4
18.0
210.0
12.3
4.8
205.0
8.5
7.5
4.5
6.0
5.3
4.0
5.4
18.0
210.0
12.3
4.8
205.0
8.5
7.5
4.5
6.0
6.0
3.55
20.5
13.0
6.7
15.5
5.3
34.0
7.5
6.0
4.5
6.0
3.55
20.5
13.0
6.7
15.5
5.3
34.0
14.5
13.4
3.99
8.15
1.45
172.0
5.8
14.885
3.9
34.0
14.5
13.4
3.99
8.15
1.45
172.0
5.8
14.885
3.9
278.0
5.2
10.985
1.6
3.0
3.5
1.76
21.8
6.2
52.5
1.6
3.5
3.0
1.76
21.8
6.2
52.5
5.38
25.9
3.75
1.5
2.28
85.0
5.05
14.0
3.29
3.15
10.6
3.99
5.9
5.05
14.0
3.29
3.15
10.6
3.99
5.9
4.3
3.4
5.05
309.0
16.0
5.1
4.3
9.2
9.5
6.9
4.65
11.0
3.2
9.5
6.9
4.65
11.0
3.2
22.5
0.85
61.0
4.7
7.5
4.8
3.9
14.5
5.9
15.5
106.0
3.5
3.1
4.8
7.8
3.9
14.5
5.9
15.5
106.0
3.5
3.1
4.8
7.8
78.0
4.1
2.5
32.0
77.5
3.4
6.55
16.0
2.85
3.2
8.9
4.1
2.5
32.0
77.5
3.4
6.55
16.0
2.85
3.2
8.9
5.36
4.0
10.2
9.8
2.98
6.5
13.5
2.9
5.45
9.5
9.8
6.5
2.98
13.5
2.9
5.45
9.5
57.0
10.96
4.1
11.5
8.8
6.5
3.85
11.0
1.3
10.5
70.0
17.0
33.0
10.96
4.1
11.5
8.8
6.5
3.85
11.0
1.3
10.5
70.0
17.0
33.0
95.0
33.3
1.95
5.0
105.0
20.9
15.5
14.2
3.85
11.0
1.3
10.5
70.0
17.0
33.0
95.0
33.3
1.95
5.0
105.0
20.9
15.5
14.2
18.0
14.35
17.3
3.15
16.9
95.0
33.3
1.95
5.0
20.9
105.0
15.5
14.2
18.0
14.35
17.3
3.15
16.9
22.5
5.18
21.5
14.0
1.85
5.45
6.5
14.2
18.0
14.35
17.3
3.15
16.9
22.5
5.18
21.5
14.0
1.85
5.45
6.5
39.0
16.9
13.5
8.6
1.8
8.5
3.15
1.85
5.45
6.5
39.0
16.9
13.5
8.6
1.8
8.5
3.15
3.099
16.5
27.0
6.6
6.95
18.0
50.0
6.6
1.98
9.5
16.5
27.0
6.6
6.95
18.0
50.0
6.6
9.5
1.98
8.65
35.0
6.2
53.5
35.0
18.0
8.5
37.0
2.5
6.95
38.0
6.6
1.98
9.5
8.65
6.2
35.0
53.5
35.0
18.0
8.5
37.0
2.5
6.95
38.0
12.8
4.3
2.5
105.0
5.2
51.8
38.0
12.8
4.3
2.5
105.0
5.2
51.8
10.8
37.4
4.8
8.9
21.0
83.0
8.0
3.3
21.0
9.65
42.5
7.0
29.9
2.5
105.0
5.2
51.8
10.8
37.4
4.8
8.9
21.0
83.0
8.0
3.3
21.0
9.65
42.5
7.0
29.9
999.0
11.0
5.6
83.0
8.0
3.3
21.0
9.65
42.5
7.0
29.9
999.0
11.0
5.6
41.5
5.5
30.0
17.5
2.3
19.0
7.5
8.4
47.0
9.65
42.5
7.0
29.9
999.0
5.6
11.0
41.5
5.5
30.0
17.5
2.3
19.0
7.5
47.0
8.4
2.25
35.0
9.5
6.9
10.8
37.4
4.8
8.9
21.0
83.0
8.0
3.3
21.0
9.65
42.5
7.0
29.9
999.0
5.6
11.0
41.5
5.5
30.0
2.3
8.0
3.3
21.0
9.65
42.5
7.0
29.9
999.0
11.0
5.6
41.5
5.5
30.0
2.3
17.5
19.0
7.5
47.0
8.4
2.25
5.6
41.5
5.5
30.0
17.5
2.3
19.0
7.5
8.4
47.0
2.25
35.0
9.5
6.9
2.35
2.2
600.0
16.0
38.0
134.0
2.25
35.0
9.5
6.9
2.35
2.2
38.0
16.0
600.0
134.0
8.1
23.0
7.2
4.2
3.4
2.2
7.0
10.5
17.0
10.3
16.0
38.0
134.0
8.1
7.2
23.0
4.2
3.4
2.2
7.0
10.5
17.0
10.3
6.5
9.8
36.5
8.9
3.75
1.45
13.6
23.0
7.2
4.2
3.4
2.2
7.0
10.5
17.0
10.3
6.5
9.8
36.5
8.9
3.75
1.45
13.6
3.3
3.7
10.6
39.5
7.0
10.5
17.0
10.3
6.5
9.8
36.5
8.9
3.75
1.45
13.6
3.3
3.7
10.6
39.5
30.5
0.62
20.0
134.0
9.7
17.0
10.3
6.5
9.8
36.5
8.9
3.75
1.45
13.6
3.3
3.7
10.6
39.5
0.62
30.5
20.0
134.0
9.7
35.0
0.19
1.45
13.6
3.3
3.7
10.6
39.5
0.62
30.5
20.0
134.0
9.7
35.0
0.19
5.2
63.0
18.0
3.8
0.41
20.0
8.9
36.5
8.9
3.75
1.45
13.6
3.3
3.7
10.6
39.5
0.62
30.5
20.0
134.0
9.7
35.0
0.19
5.2
63.0
18.0
3.8
10.5
17.0
10.3
6.5
9.8
36.5
8.9
3.75
1.45
13.6
3.3
3.7
10.6
39.5
30.5
0.62
20.0
134.0
9.7
35.0
8.9
3.75
1.45
13.6
3.3
3.7
10.6
39.5
30.5
0.62
20.0
134.0
9.7
35.0
0.19
5.2
63.0
18.0
3.8
0.41
8.9
3.75
1.45
13.6
3.3
3.7
10.6
39.5
30.5
0.62
20.0
134.0
9.7
35.0
0.19
5.2
63.0
18.0
3.8
0.41
8.9
3.75
1.45
13.6
3.3
3.7
10.6
39.5
0.62
30.5
20.0
134.0
9.7
35.0
0.19
5.2
63.0
18.0
3.8
0.41
36.5
8.9
3.75
1.45
13.6
3.3
3.7
10.6
39.5
30.5
0.62
20.0
134.0
9.7
35.0
0.19
5.2
63.0
18.0
3.8
6.5
9.8
36.5
8.9
3.75
1.45
13.6
3.3
3.7
10.6
39.5
0.62
30.5
20.0
134.0
9.7
35.0
0.19
5.2
63.0
8.9
3.75
1.45
13.6
3.3
3.7
10.6
39.5
30.5
0.62
20.0
134.0
9.7
35.0
0.19
5.2
63.0
18.0
3.8
0.41
3.3
3.7
10.6
39.5
0.62
30.5
20.0
134.0
9.7
35.0
0.19
5.2
63.0
18.0
3.8
0.41
20.0
8.9
290.0
5.8
13.6
3.3
3.7
10.6
39.5
0.62
30.5
20.0
134.0
9.7
35.0
0.19
5.2
63.0
18.0
3.8
0.41
20.0
8.9
290.0
3.3
3.7
10.6
39.5
30.5
0.62
20.0
134.0
9.7
35.0
0.19
5.2
63.0
18.0
3.8
0.41
8.9
20.0
290.0
11.98
3.75
1.45
13.6
3.3
3.7
10.6
39.5
0.62
30.5
20.0
134.0
9.7
35.0
0.19
5.2
63.0
18.0
3.8
0.41
20.0
13.6
3.3
3.7
10.6
39.5
30.5
0.62
20.0
134.0
9.7
35.0
0.19
5.2
63.0
18.0
3.8
0.41
8.9
20.0
290.0
39.5
0.62
30.5
20.0
134.0
9.7
35.0
0.19
5.2
63.0
18.0
3.8
0.41
8.9
20.0
290.0
11.98
5.8
6.9
4.5
3.8
0.41
8.9
20.0
290.0
5.8
11.98
6.9
4.5
2.0
51.5
260.0
0.285
4.9
7.0
66.0
10.3
1.9
31.5
6.0
5.2
63.0
18.0
3.8
0.41
20.0
8.9
290.0
5.8
11.98
6.9
4.5
2.0
51.5
260.0
0.285
4.9
7.0
66.0
10.3
5.8
6.9
4.5
2.0
51.5
260.0
0.285
4.9
7.0
66.0
10.3
1.9
31.5
6.0
3.9
13.9
16.45
200.0
13.5
165.0
260.0
51.5
0.285
4.9
7.0
66.0
10.3
1.9
6.0
31.5
3.9
13.9
16.45
200.0
13.5
165.0
3.75
8.0
6.7
14.5
4.5
2.0
51.5
260.0
0.285
4.9
7.0
66.0
10.3
1.9
6.0
31.5
3.9
13.9
16.45
200.0
13.5
165.0
3.75
8.0
0.285
4.9
7.0
66.0
10.3
1.9
31.5
6.0
3.9
13.9
16.45
200.0
13.5
165.0
3.75
8.0
6.7
14.5
23.9
3.1
200.0
13.5
165.0
3.75
8.0
6.7
14.5
23.9
3.1
26.0
7.0
68.0
2.95
13.0
1.75
2.1
11.5
4.3
25.6
6.0
3.9
13.9
16.45
200.0
13.5
165.0
3.75
8.0
6.7
14.5
23.9
3.1
26.0
7.0
68.0
2.95
13.0
1.75
2.1
11.5
165.0
3.75
8.0
6.7
14.5
23.9
3.1
26.0
7.0
68.0
2.95
13.0
1.75
2.1
11.5
4.3
25.6
6.0
11.9
4.3
13.0
1.75
2.1
11.5
4.3
25.6
6.0
11.9
4.3
140.0
0.31
45.0
4.05
61.0
26.5
10.5
2.7
3.185
9.45
4.05
45.0
4.05
61.0
26.5
10.5
2.7
3.185
9.45
4.05
15.0
4.8
0.45
8.0
16.5
5.2
5.7
4.85
4.2
15.5
44.8
4.8
0.45
8.0
16.5
5.2
5.7
4.85
4.2
15.5
44.8
3.5
5.1
4.8
21.0
7.0
0.45
6.3
2.85
70.0
0.25
5.7
4.85
4.2
15.5
44.8
3.5
5.1
4.8
21.0
7.0
0.45
6.3
2.85
70.0
0.25
4.5
8.6
21.5
5.998
4.65
21.0
7.0
0.45
6.3
2.85
70.0
0.25
4.5
8.6
21.5
5.998
4.65
20.0
4.5
3.0
68.0
4.7
5.9
3.05
7.0
21.5
5.998
4.65
20.0
4.5
3.0
68.0
4.7
5.9
3.05
7.0
1.8
6.15
23.5
2.5
4.72
6.8
29.0
5.9
17.8
4.65
20.0
4.5
3.0
68.0
4.7
5.9
3.05
7.0
1.8
6.15
23.5
2.5
4.72
6.8
29.0
5.9
17.8
5.05
13.5
68.0
4.7
5.9
3.05
7.0
1.8
6.15
23.5
2.5
4.72
6.8
29.0
5.9
17.8
5.05
13.5
4.4
7.0
2.1
8.39
3.0
68.0
4.7
5.9
3.05
7.0
1.8
6.15
23.5
2.5
4.72
6.8
29.0
5.9
17.8
5.05
13.5
4.4
7.0
2.1
4.7
5.9
3.05
7.0
1.8
6.15
23.5
2.5
4.72
6.8
29.0
5.9
17.8
5.05
13.5
4.4
7.0
2.1
8.39
3.3
1.8
6.15
23.5
2.5
4.72
6.8
29.0
5.9
17.8
5.05
13.5
4.4
7.0
2.1
8.39
3.3
6.0
11.2
5.05
1.86
17.8
5.05
13.5
4.4
7.0
2.1
8.39
3.3
6.0
11.2
5.05
1.86
16.8
5.4
9.2
1.72
3.08
29.0
5.8
1.836
5.05
1.86
16.8
5.4
9.2
1.72
3.08
29.0
5.8
1.836
6.7
10.5
7.8
6.6
6.0
3.6
52.0
6.8
14.0
6.9
29.0
5.8
1.836
6.7
10.5
7.8
6.6
6.0
3.6
52.0
6.8
6.9
14.0
4.95
6.6
52.5
7.8
265.0
2.1
7.5
7.8
7.5
2.1
135.0
14.5
7.5
10.0
56.0
40.4
18.3
3.8
6.8
20.0
13.2
3.9
17.0
16.5
52.5
2.9
36.0
3.8
6.8
20.0
13.2
3.9
17.0
16.5
52.5
36.0
2.9
9.88
5.8
4.5
66.0
6.5
7.0
150.0
39.0
8.8
710.0
3.9
17.0
16.5
52.5
36.0
2.9
9.88
5.8
4.5
66.0
6.5
7.0
150.0
39.0
8.8
710.0
39.0
3.8
15.5
78.0
7.0
150.0
39.0
8.8
710.0
39.0
3.8
15.5
78.0
69.7
1.55
11.5
10.2
70.0
16.5
20.3
6.99
12.5
4.38
52.5
70.0
16.5
20.3
6.99
12.5
4.38
52.5
3.7
8.8
10.5
5.6
4.29
450.0
3.78
6.5
6.5
4.2
4.35
225.0
4.35
450.0
3.78
6.5
6.5
4.2
4.35
225.0
4.35
5.2
6.8
22.5
15.0
4.9
4.03
24.4
10.45
2.95
8.45
2.7
2.65
10.45
2.95
8.45
2.7
2.65
3.15
47.5
18.5
3.98
8.0
5.05
4.3
39.0
2.8
5.89
130.0
31.5
15.5
4.4
68.0
31.5
15.5
4.4
68.0
8.4
3.7
80.0
61.0
8.3
8.6
7.5
10.3
40.0
23.0
54.5
5.7
8.3
55.8
6.8
23.0
54.5
5.7
55.8
8.3
6.8
18.9
6.2
67.8
10.5
15.2
8.7
2.35
110.0
8.8
28.8
2.1
8.5
22.0
14.5
8.7
2.35
110.0
8.8
28.8
2.1
8.5
22.0
14.5
1.75
17.5
22.0
3.3
14.9
18.2
2.5
2.3
20.5
15.5
23.0
2.5
20.5
15.5
23.0
4.05
2.2
5.0
25.0
6.2
1.25
1.8
3.1
36.5
1.26
9.5
32.0
12.5
18.8
16.0
16.8
1.8
3.1
36.5
1.26
32.0
9.5
12.5
18.8
16.0
16.8
11.5
10.5
77.6
2.1
28.0
26.9
6.29
1.79
19.8
7.69
77.6
2.1
28.0
26.9
6.29
1.79
7.69
19.8
1.88
31.8
7.3
7.8
7.5
17.9
1.8
15.8
8.6
2.4
11.8
4.3
7.69
19.8
1.88
31.8
7.3
7.8
7.5
17.9
1.8
15.8
8.6
2.4
11.8
4.3
6.5
9.5
12.5
17.2
15.8
3.5
8.6
2.4
11.8
4.3
6.5
9.5
12.5
17.2
15.8
3.5
5.8
3.39
31.0
22.5
25.0
13.8
10.0
3.2
4.28
15.8
17.2
15.8
3.5
5.8
3.39
31.0
22.5
25.0
13.8
10.0
3.2
4.28
15.8
20.8
72.5
30.0
2.35
6.6
16.2
8.2
6.6
16.2
8.2
12.0
23.9
4.2
3.0
5.9
6.1
4.6
6.59
4.2
25.5
3.8
30.0
36.8
13.0
56.5
5.25
37.5
25.5
3.8
30.0
36.8
13.0
56.5
5.25
37.5
40.9
2.9
3.82
7.9
5.15
2.0
6.9
5.18
17.2
4.4
3.85
32.0
40.9
2.9
3.82
7.9
5.15
2.0
6.9
5.18
17.2
4.4
3.85
43.0
32.0
4.6
5.7
139.0
23.5
16.3
4.35
51.0
4.4
3.85
43.0
32.0
5.7
4.6
139.0
23.5
16.3
4.35
51.0
6.5
1.6
16.0
74.0
1.1
4.55
12.685
6.7
20.2
23.5
22.3
3.102
6.4
7.4
10.3
7.8
24.18
13.9
0.775
19.5
