4.0
4.5
4.0
4.0
3.5
4.6
4.1
5.0
9.0
4.0
4.1
3.0
0
0
7.2
4.0
0.0
4.5
6.0
4.2
0.0
4.0
5.0
4.5
7.2
4.1
4.0
4.0
0
4.0
4.5
4.1
0.0
4.2
0
4.0
4.6
3.5
9.0
4.0
4.1
4.0
4.0
0
4.0
4.5
4.1
0.0
4.2
0
4.0
4.6
3.5
9.0
4.0
6.0
4.0
3.0
0
0
4.2
0
4.0
4.6
3.5
9.0
4.0
6.0
4.0
3.0
0
0
4.0
5.0
4.2
0
15.0
0
4.0
4.0
7.2
4.5
4.1
4.0
4.0
0
4.0
4.5
4.1
0.0
4.2
0
4.0
4.6
3.5
9.0
4.0
6.0
3.0
4.0
8.5
4.0
5.0
0.0
4.0
5.0
4.5
7.2
4.1
4.0
4.0
0
4.0
4.5
4.1
0.0
4.2
0
4.0
4.6
0.0
4.0
5.0
4.5
7.2
4.1
4.0
4.0
0
4.0
4.5
4.1
0.0
4.2
0
4.0
4.6
3.5
9.0
4.0
4.0
5.0
4.5
7.2
4.1
4.0
4.0
0
4.0
4.5
4.1
0.0
4.2
0
4.0
4.6
3.5
9.0
4.0
6.0
4.5
4.1
0.0
4.2
0
4.0
4.6
3.5
9.0
4.0
6.0
4.0
3.0
0
0
4.0
5.0
4.2
15.0
0
5.0
4.5
7.2
4.1
4.0
4.0
0
4.0
4.5
4.1
0.0
4.2
0
4.0
4.6
3.5
9.0
4.0
6.0
4.0
4.5
5.1
8.5
4.0
5.0
0.0
4.0
5.0
7.2
4.5
4.1
4.0
4.0
0
4.0
4.5
4.1
0.0
4.2
0
4.0
4.5
5.1
4.0
8.5
5.0
0.0
4.0
5.0
4.5
7.2
4.1
4.0
4.0
0
4.0
4.5
4.1
0.0
4.2
4.0
4.5
5.1
4.0
8.5
5.0
0.0
4.0
5.0
4.5
7.2
4.1
4.0
4.0
0
4.0
4.5
4.1
0.0
4.2
6.0
6.7
3.5
4.0
4.5
5.1
8.5
4.0
5.0
0.0
4.0
5.0
7.2
4.5
4.1
4.0
4.0
0
4.0
4.5
5.0
15.0
6.0
3.5
6.7
4.0
4.5
5.1
4.0
8.5
5.0
0.0
4.0
5.0
4.5
7.2
4.1
4.0
4.0
0
6.0
6.7
3.5
4.0
4.5
5.1
8.5
4.0
5.0
0.0
4.0
5.0
4.5
7.2
4.1
4.0
4.0
0
4.0
4.5
5.0
4.0
4.5
4.0
5.0
15.0
6.0
3.5
6.7
4.0
4.5
5.1
4.0
8.5
5.0
0.0
4.0
5.0
4.5
7.2
6.0
6.7
3.5
4.0
4.5
5.1
8.5
4.0
5.0
0.0
4.0
5.0
4.5
7.2
4.1
4.0
4.0
0
4.0
4.5
5.0
15.0
6.0
6.7
3.5
4.0
4.5
5.1
4.0
8.5
5.0
0.0
4.0
5.0
4.5
7.2
4.1
4.0
4.0
0
6.7
3.5
4.0
4.5
5.1
4.0
8.5
5.0
0.0
4.0
5.0
7.2
4.5
4.1
4.0
4.0
0
4.0
4.5
4.1
4.0
4.5
5.1
4.0
8.5
5.0
0.0
4.0
5.0
7.2
4.5
4.1
4.0
4.0
0
4.0
4.5
4.1
0.0
4.2
5.0
0.0
4.0
5.0
4.5
7.2
4.1
4.0
4.0
0
4.0
4.5
4.1
0.0
4.2
0
4.0
4.6
3.5
9.0
4.1
0.0
4.2
0
4.0
4.6
3.5
9.0
4.0
6.0
3.0
4.0
0
0
4.0
5.0
4.2
0
15.0
0
4.6
3.5
9.0
4.0
6.0
4.0
3.0
0
0
4.0
5.0
4.2
15.0
0
0
4.0
4.0
4.0
9.0
4.6
15.0
0
4.0
4.0
4.6
4.0
9.0
4.5
4.0
4.0
4.0
6.0
8.5
4.0
4.0
3.5
5.0
8.5
4.0
4.0
4.0
4.0
6.0
8.5
4.0
4.0
3.5
5.0
8.5
4.0
4.0
4.0
4.0
4.0
7.0
10.0
8.0
0
4.0
4.0
4.0
4.0
4.0
4.0
10.0
8.0
7.0
0
4.0
4.0
4.0
4.0
4.0
4.0
0
6.0
5.0
5.0
4.0
6.0
0
6.0
5.0
5.0
4.0
6.0
4.0
5.0
5.0
0.0
0.0
0
4.0
0
4.5
4.0
8.0
8.0
4.0
0.0
4.0
8.0
8.0
4.0
0.0
0
0
0
5.0
9.0
0
0
3.3
4.6
3.5
4.0
0
6.5
4.0
0
6.0
4.0
5.0
5.0
0.0
0.0
0
4.0
0
4.5
4.0
8.0
8.0
4.0
0.0
0
0
0
5.0
9.0
4.0
8.0
8.0
4.0
0
0.0
0
0
5.0
9.0
0
0
3.3
4.6
3.5
4.0
0
6.5
4.0
0
0
5.0
9.0
0
0
3.3
4.6
3.5
4.0
0
6.5
4.0
0
6.0
500.0
0
3.5
0
0.0
0
4.0
0
6.5
4.0
0
6.0
500.0
0
3.5
0
0.0
0
5.2
3.5
5.1
0
0
4.5
3.5
6.0
0
3.5
5.2
5.1
0
0
4.5
3.5
6.0
9.5
5.0
5.0
4.0
4.0
9.0
4.5
4.4
5.0
5.5
5.0
4.0
9.0
4.5
4.4
5.0
5.5
5.0
0
7.0
0
4.1
6.0
4.0
7.0
0
0
0
0
4.0
4.0
6.0
4.0
7.0
0
0
0
0
4.0
4.0
0
6.0
4.0
5.0
0
5.0
4.0
0
0
5.0
0
0
4.0
0
4.0
0
6.0
4.0
5.0
0
5.0
4.0
0
0
5.0
0
5.0
0
6.0
5.0
0
0
6.0
4.0
5.0
0
5.0
4.0
0
0
5.0
0
5.0
6.0
0
5.0
0
10.0
6.0
0
0
4.0
5.0
0
5.0
4.0
0
0
5.0
0
5.0
0
6.0
5.0
0
10.0
6.0
0
0
5.0
7.5
5.0
0
6.0
5.0
0
10.0
6.0
0
0
5.0
7.5
0
4.0
0
10.0
4.0
12.5
0
60.0
45.0
0
7.5
5.0
0
4.0
0
10.0
4.0
12.5
0
60.0
45.0
0
10.0
0
0
3.4
0
6.0
5.0
0
0
5.0
7.5
0
4.0
0
10.0
4.0
12.5
0
60.0
45.0
0
10.0
0
0
3.4
0
6.0
0
4.0
0
10.0
4.0
12.5
0
60.0
45.0
0
10.0
0
0
3.4
0
6.0
5.0
11.0
6.5
0
45.0
0
10.0
0
0
3.4
0
6.0
5.0
11.0
6.5
0
0
0
4.2
3.5
0
6.0
0
0
10.0
0
0
3.4
0
6.0
5.0
11.0
6.5
0
0
0
4.2
3.5
0
6.0
0
8.0
0
0
0
3.4
0
6.0
5.0
11.0
6.5
0
0
0
4.2
3.5
0
6.0
0
8.0
0
0
0.0
10.0
12.5
0
60.0
45.0
0
10.0
0
0
3.4
0
6.0
5.0
11.0
6.5
0
0
0
4.2
3.5
0
10.0
0
0
3.4
0
6.0
5.0
11.0
6.5
0
0
0
4.2
3.5
6.0
0
0
8.0
0
0
45.0
0
10.0
0
0
3.4
0
6.0
5.0
11.0
6.5
0
0
0
4.2
3.5
0
6.0
0
8.0
0
10.0
0
0
3.4
0
6.0
5.0
11.0
6.5
0
0
0
4.2
3.5
6.0
0
0
0
8.0
10.0
0
0
3.4
0
6.0
5.0
11.0
6.5
0
0
0
4.2
3.5
6.0
0
0
0
8.0
0
6.0
5.0
11.0
6.5
0
0
0
4.2
3.5
0
6.0
0
0
8.0
0
0.0
10.0
9.0
5.0
7.0
4.2
3.5
0
6.0
0
0
8.0
0
0.0
10.0
9.0
5.0
7.0
15.0
5.0
4.14
6.6
8.0
0
4.5
0
6.0
0
8.0
0
0
0.0
10.0
9.0
5.0
7.0
15.0
5.0
4.14
6.6
8.0
0
4.5
0
4.0
9.0
5.0
7.0
15.0
5.0
4.14
6.6
8.0
0
4.5
0
4.0
0
7.5
4.5
0
7.3
15.0
6.5
4.5
8.0
0
4.5
0
4.0
0
7.5
4.5
0
7.3
15.0
6.5
4.5
7.5
4.0
4.0
3.5
5.8
0
6.5
0
7.3
15.0
6.5
4.5
7.5
4.0
4.0
3.5
5.8
0
6.5
5.4
6.0
4.25
18.0
130.0
6.0
0.0
6.3
5.4
6.0
4.25
18.0
130.0
6.0
0.0
6.3
0
0
5.0
20.0
4.5
5.6
5.6
2.3
0
0
20.0
13.0
5.0
20.0
4.5
5.6
5.6
2.3
0
0
20.0
13.0
20.0
4.4
0
17.0
6.3
5.7
7.5
0
4.0
4.5
5.6
2.3
0
0
20.0
13.0
20.0
4.4
0
17.0
6.3
5.7
7.5
0
4.0
4.5
0.0
0
4.6
22.0
20.0
20.0
13.0
4.4
0
17.0
6.3
5.7
7.5
0
4.0
4.5
0.0
0
4.6
22.0
0
8.3
7.0
0
6.3
5.7
7.5
0
4.0
4.5
0.0
0
4.6
22.0
0
8.3
7.0
0
6.0
0.0
4.0
4.1
11.0
4.0
4.6
22.0
0
8.3
7.0
0
6.0
0.0
4.0
4.1
11.0
4.0
3.0
7.5
4.5
5.0
6.0
3.2
0
4.0
4.1
11.0
4.0
3.0
7.5
5.0
4.5
6.0
3.2
4.0
0
0
4.5
4.0
10.0
0
5.0
4.8
0
4.5
4.0
0
0
4.5
4.0
10.0
0
5.0
4.8
0
4.5
0
4.0
5.0
8.8
0
4.5
9.0
7.0
5.0
0
4.5
0
4.0
5.0
8.8
0
4.5
9.0
7.0
5.0
4.5
4.2
0
10.0
0.0
0.0
0
42.0
4.0
4.2
0
10.0
0.0
0.0
0
42.0
4.0
4.0
4.0
0
6.3
5.2
5.0
0
5.0
5.0
4.01
5.5
5.5
4.0
0
6.3
5.2
5.0
0
5.0
5.0
4.01
5.5
5.5
8.0
16.0
3.5
4.7
5.0
0
4.0
4.0
10.5
3.5
4.7
5.0
0
4.0
4.0
10.5
3.5
4.5
0
7.5
4.5
8.5
4.1
0
0
7.5
3.5
4.0
0.0
3.5
4.5
0
7.5
4.5
8.5
4.1
0
0
7.5
3.5
4.0
0.0
5.0
0
6.0
6.0
4.0
5.0
0.0
0
4.5
7.5
8.5
4.1
0
0
7.5
3.5
4.0
0.0
5.0
0
6.0
6.0
4.0
5.0
0.0
4.0
4.8
5.0
0
6.0
6.0
4.0
5.0
0.0
4.0
4.8
4.5
5.2
4.5
10.0
13.0
5.0
9.0
4.8
0.0
6.0
45.0
0
6.0
6.0
4.0
5.0
0.0
4.0
4.8
4.5
4.5
5.2
10.0
13.0
5.0
9.0
4.8
6.0
0.0
45.0
6.0
10.0
13.0
5.0
9.0
4.8
0.0
6.0
45.0
6.0
5.2
0
4.5
0.0
0
10.0
5.5
30.0
4.5
4.0
6.0
0.0
6.0
45.0
6.0
5.2
0
4.5
0.0
0
10.0
5.5
30.0
4.5
4.0
6.0
4.0
0
4.0
0
4.2
10.0
5.5
30.0
4.5
4.0
6.0
4.0
0
4.0
0
4.2
0
0
4.5
4.8
4.0
5.5
4.5
8.5
3.5
4.8
4.0
5.5
4.5
8.5
3.5
5.0
5.5
20.0
13.0
6.5
0
4.0
12.0
0
11.0
0
0
6.0
4.5
6.5
4.0
12.0
0
11.0
0
0
6.0
4.5
5.5
4.5
5.0
8.0
4.5
4.5
8.5
4.5
7.5
4.5
4.5
4.5
5.5
4.5
5.0
8.0
4.5
4.5
8.5
4.5
7.5
4.5
4.5
3.5
4.0
6.5
9.2
0
0
6.0
3.5
4.5
3.5
4.0
6.5
9.2
0
0
6.0
3.5
5.2
0
4.7
4.5
4.0
4.0
0.0
4.5
0
4.8
4.2
4.5
0
4.8
4.2
0
0
4.5
0
5.0
6.0
0
7.0
8.0
16.0
0
6.0
0
6.0
8.0
6.0
0
7.0
8.0
16.0
0
6.0
0
8.0
6.0
6.0
3.8
0
10.0
0
4.5
4.5
8.3
0
4.0
0.0
0
4.0
0.0
6.5
4.6
3.9
4.5
3.66
3.8
4.2
8.0
7.0
4.8
3.7
5.1
4.0
9.0
5.0
5.0
0
3.7
5.1
9.0
4.0
5.0
5.0
0
4.0
4.5
4.5
3.8
5.0
10.0
0
5.1
0
4.5
4.5
0
4.0
10.0
0
5.1
0
4.5
4.5
0
4.0
3.5
15.0
0
4.2
4.5
0.0
0
5.0
4.0
15.0
8.2
0
5.0
4.0
15.0
8.2
0
5.2
3.2
4.0
0
8.5
3.5
4.0
0.0
3.9
7.5
0
0
4.0
4.5
3.5
7.5
0
3.9
0
4.0
4.5
22.0
7.0
3.5
6.0
6.5
4.3
0
5.0
14.0
3.9
5.5
0
10.0
3.2
3.9
5.5
0
10.0
3.2
4.8
4.8
9.0
4.0
4.0
20.0
4.3
5.0
3.5
6.2
14.0
4.0
6.2
5.0
6.0
4.3
5.0
3.5
6.2
14.0
4.0
6.2
5.0
5.0
6.0
4.0
4.0
5.5
5.0
5.5
4.2
0
4.0
3.5
4.5
5.5
5.0
5.5
4.2
0
4.0
3.5
4.5
0.0
0
4.0
4.0
0
4.0
10.0
0
7.0
4.0
10.0
4.0
0
4.0
10.0
0
7.0
4.0
10.0
4.0
0
4.0
6.0
0
10.0
9.0
4.0
0
5.0
0.0
0
0
4.0
0
5.0
0.0
0
0
5.2
5.2
0
0
3.5
4.5
6.0
0
8.0
5.0
0
4.3
0
5.5
3.5
4.5
6.0
0
8.0
5.0
0
4.3
0
5.5
4.3
6.0
4.0
5.0
16.0
3.8
4.0
4.5
9.4
13.5
5.0
0
4.3
0
5.5
4.3
6.0
4.0
5.0
16.0
4.0
3.8
4.5
9.4
13.5
6.5
3.8
4.0
12.0
4.5
9.4
13.5
3.8
6.5
4.0
12.0
4.5
12.0
4.2
0.0
0.0
22.0
7.0
3.9
4.0
3.8
10.0
4.0
4.0
0
12.0
4.2
0.0
0.0
22.0
7.0
3.9
4.0
3.8
10.0
4.0
4.0
0
11.0
11.0
3.5
8.0
0
8.0
8.0
0
11.0
11.0
3.5
8.0
0
8.0
8.0
50.0
3.8
5.1
4.0
4.0
0
5.0
5.2
25.0
7.0
5.0
3.8
4.0
4.0
0
5.0
5.2
25.0
7.0
5.0
3.8
4.0
4.5
0
40.0
0
100.0
3.5
8.5
0
0
4.6
25.0
7.0
5.0
3.8
4.0
4.5
0
40.0
0
100.0
3.5
8.5
0
0
4.6
0.0
0
0
0
3.8
7.0
3.8
5.0
4.0
4.5
0
40.0
0
100.0
3.5
8.5
0
0
4.6
0.0
0
0
0
3.8
3.8
8.5
0
0
4.6
0.0
0
0
0
3.8
3.8
4.0
100.0
4.0
0
55.0
4.5
4.2
0.0
0
0.0
4.0
100.0
4.0
0
55.0
4.2
4.5
0.0
0
0.0
6.0
4.5
5.0
8.0
55.0
5.0
5.0
3.8
10.0
0
0
0.0
6.0
4.5
5.0
8.0
55.0
5.0
5.0
3.8
10.0
0
4.0
4.0
6.0
3.5
3.8
7.0
6.0
7.0
3.5
6.0
3.8
7.0
7.0
6.5
0
0
10.0
4.0
4.5
5.6
53.0
6.0
7.5
13.0
5.0
100.0
10.0
5.2
5.6
53.0
6.0
7.5
13.0
5.0
100.0
10.0
5.2
100.0
4.0
4.0
4.5
0
4.0
0
5.5
6.0
0
300.0
5.5
6.0
0
300.0
5.0
3.8
4.0
120.0
5.2
15.0
4.0
4.0
3.9
5.2
7.0
4.0
6.5
3.5
3.6
4.0
4.0
3.9
5.2
4.0
7.0
6.5
3.5
3.6
4.0
14.0
4.5
3.5
4.0
4.0
0
4.0
3.8
5.7
4.8
11.0
3.6
4.0
14.0
4.5
3.5
4.0
4.0
0
4.0
3.8
5.7
4.8
11.0
5.0
3.9
4.2
9.0
0
5.5
0
9.0
0
5.5
0
5.2
8.0
3.8
0
5.5
5.0
0
7.0
5.0
3.8
7.5
4.4
4.7
0
4.0
3.8
7.5
4.4
4.7
0
4.0
3.8
6.5
4.0
0
8.0
5.0
3.7
0
5.2
0
0
0
4.0
0
8.0
5.0
0
3.7
5.2
0
0
0
4.0
0.0
0.0
0.0
6.0
5.5
10.5
8.1
0
4.2
6.0
5.5
10.5
8.1
0
4.2
12.0
4.0
0
6.0
5.5
0
5.2
0.0
6.0
3.8
4.0
8.0
4.0
5.2
0.0
6.0
3.8
4.0
8.0
4.0
6.0
0
0
3.9
4.5
4.0
0.0
4.6
4.0
3.5
0
0.0
0
4.0
6.0
0
4.5
4.0
3.9
0
0.0
4.6
4.0
3.5
0
0.0
0
4.0
9.0
4.2
0
4.5
3.8
0
0.0
0
4.0
9.0
4.2
0
3.8
4.5
4.0
3.5
5.0
4.0
4.5
3.5
4.8
4.5
11.0
3.3
6.0
4.5
4.0
3.5
5.0
4.5
4.0
3.5
4.8
4.5
11.0
3.3
6.0
5.5
6.0
4.6
7.2
12.0
4.0
5.0
5.0
4.8
4.5
11.0
3.3
6.0
5.5
6.0
7.2
4.6
12.0
4.0
5.0
5.0
10.0
4.1
0
5.5
4.3
10.5
4.0
4.5
11.0
3.3
6.0
5.5
6.0
4.6
7.2
4.0
12.0
5.0
5.0
10.0
4.1
0
5.5
4.3
10.5
4.0
4.5
11.0
3.3
6.0
5.5
6.0
7.2
4.6
4.0
12.0
5.0
5.0
10.0
4.1
0
5.5
4.3
10.5
4.0
4.5
0
5.0
5.0
10.0
4.1
0
5.5
4.3
10.5
4.0
4.5
0
6.6
0
4.5
3.8
8.0
5.0
10.0
4.0
4.0
5.0
5.0
10.0
4.1
0
5.5
4.3
10.5
4.0
4.5
0
6.6
0
4.5
3.8
8.0
5.0
10.0
4.0
4.0
4.3
10.5
4.0
4.5
0
6.6
0
4.5
3.8
8.0
5.0
10.0
4.0
4.0
7.0
0
5.0
5.4
4.0
4.0
0
4.5
3.8
8.0
5.0
10.0
4.0
4.0
7.0
0
5.0
5.4
4.0
4.0
0
5.0
12.0
4.0
6.0
0
4.5
3.8
8.0
5.0
10.0
4.0
4.0
7.0
0
5.0
5.4
4.0
4.0
0
5.0
12.0
4.0
6.0
0
4.5
5.0
12.0
4.0
6.0
0
4.5
13.0
4.0
15.0
4.5
3.8
0
6.0
0
3.5
5.0
4.2
6.0
0
0.0
3.8
0
0
6.0
3.5
5.0
4.2
6.0
0
0.0
0
9.0
4.0
3.8
0
4.0
3.9
4.0
0
3.0
6.0
0
0.0
0
9.0
4.0
3.8
0
4.0
3.9
4.0
0
3.0
4.2
4.0
0
3.4
4.0
4.5
6.5
0
0.0
0
9.0
4.0
3.8
0
4.0
3.9
4.0
0
3.0
4.2
4.0
0
3.4
4.0
4.5
6.5
0
3.8
0
4.0
3.9
4.0
0
3.0
4.2
0
4.0
3.4
4.0
4.5
6.5
0
7.5
5.0
4.3
7.0
0.0
0
7.5
5.0
4.3
7.0
0.0
13.0
6.0
4.0
3.6
3.5
0
4.0
4.0
5.5
5.0
30.0
0
4.5
9.5
13.0
6.0
4.0
3.6
3.5
0
4.0
4.0
5.5
5.0
30.0
0
4.5
9.5
3.9
4.0
0
0
5.3
0
7.0
0.0
13.0
6.0
4.0
3.6
3.5
0
4.0
4.0
5.5
5.0
30.0
0
4.5
3.9
9.5
4.0
0
0
3.5
0
4.0
4.0
5.5
5.0
30.0
0
4.5
9.5
3.9
4.0
0
0
5.3
0
11.0
7.0
0
7.0
4.0
0
0
5.3
0
11.0
7.0
0
7.0
4.0
4.0
0.0
5.0
3.8
5.4
12.0
6.0
6.0
4.0
4.0
5.3
0
11.0
7.0
0
7.0
4.0
4.0
0.0
5.0
3.8
5.4
12.0
6.0
6.0
4.0
4.0
0
0
0
7.0
4.0
4.0
0.0
5.0
3.8
5.4
12.0
6.0
6.0
4.0
4.0
0
0
0
8.5
3.8
6.5
4.0
4.0
4.0
4.0
0.0
5.0
3.8
12.0
5.4
6.0
6.0
4.0
4.0
0
0
0
8.5
3.8
6.5
4.0
4.0
4.5
12.0
6.0
6.0
4.0
4.0
0
0
0
8.5
3.8
6.5
4.0
4.0
4.5
6.2
13.2
5.0
5.0
3.9
5.0
4.0
0
0
0
8.5
3.8
6.5
4.0
4.0
4.5
13.2
6.2
5.0
5.0
3.9
5.0
4.0
5.0
6.0
7.0
4.5
6.2
13.2
5.0
5.0
3.9
5.0
4.0
5.0
6.0
7.0
8.2
0
10.0
4.0
4.0
12.0
8.0
0
8.0
10.0
4.0
4.0
12.0
8.0
0
8.0
4.5
5.0
10.0
0
4.0
0
3.8
0
9.2
10.0
4.0
4.0
20.0
5.0
10.0
0
4.0
0
3.8
0
9.2
10.0
4.0
4.0
20.0
5.4
4.5
0
4.3
0
5.05
30.0
6.5
4.0
20.0
5.4
4.5
0
4.3
0
5.05
30.0
6.5
4.0
8.3
0
3.6
4.0
4.0
0
4.8
5.0
10.0
3.6
4.0
4.0
0
4.8
5.0
10.0
5.0
0
4.3
5.0
4.8
0
9.0
8.0
0
0
15.0
4.0
3.8
9.0
8.0
0
0
15.0
4.0
3.8
4.0
0
28.0
10.0
3.0
4.0
0
5.0
0
3.0
6.0
4.0
5.0
4.0
4.0
0
28.0
10.0
3.0
4.0
0
5.0
0
3.0
6.0
4.0
5.0
5.0
16.0
4.0
4.0
5.0
7.1
3.0
4.0
0
5.0
0
3.0
6.0
4.0
5.0
5.0
16.0
4.0
4.0
5.0
7.1
0
4.0
4.0
4.0
0
5.0
7.1
0
4.0
4.0
4.0
0
3.5
0.0
5.4
5.0
3.5
5.0
4.0
25.0
20.0
5.0
3.0
5.0
5.0
3.5
5.0
4.0
25.0
20.0
5.0
3.0
5.0
5.0
5.0
6.0
5.1
5.0
3.5
6.5
4.5
3.5
4.5
4.0
0
5.1
5.0
3.5
6.5
4.5
3.5
4.5
4.0
0
4.7
0
8.0
20.0
4.4
5.0
5.0
0
3.5
5.0
0
8.0
20.0
4.4
5.0
5.0
0
3.5
5.0
5.0
0
5.0
5.0
0.0
5.0
0
5.0
4.0
5.0
4.0
5.0
0.0
5.0
0
5.0
4.0
5.0
4.0
3.1
2.5
4.1
5.0
34.0
4.0
5.0
5.0
4.0
7.3
3.0
4.0
5.0
5.0
4.0
7.3
3.0
5.0
0.0
4.7
14.0
6.4
13.0
0
9.0
4.0
3.0
5.0
7.6
3.3
4.0
3.0
5.0
7.6
3.3
0
7.0
10.0
0
8.5
0
0
5.0
8.0
4.2
0
5.0
0
5.0
10.0
10.0
0
8.5
0
0
5.0
8.0
4.2
0
5.0
0
5.0
10.0
5.0
17.0
0
5.0
5.0
0
0
4.2
0
5.0
0
5.0
10.0
5.0
17.0
0
5.0
5.0
0
0
5.0
5.0
5.5
6.5
0
5.0
0.0
0
0
5.0
5.0
5.5
6.5
5.0
0
0.0
4.0
5.0
0
0.0
5.0
5.0
6.0
5.0
0
0
0
5.0
6.0
5.0
0
0
0
0
0
0
5.5
5.0
0.0
3.5
4.0
0
5.0
4.5
3.5
0
5.5
0
0
0
0
5.5
5.0
0.0
3.5
4.0
0
3.5
4.5
0
5.0
5.5
0
4.0
13.5
4.2
4.1
4.0
0
0
4.5
5.0
3.5
5.5
0
4.0
13.5
4.2
4.1
0
5.0
4.0
0
5.6
5.0
0
6.0
4.1
5.0
4.0
0
5.6
5.0
0
6.0
0
5.0
0
4.5
17.0
5.0
4.0
4.5
15.0
7.5
4.5
4.5
5.0
0
6.0
0
5.0
0
4.5
17.0
5.0
4.0
4.5
15.0
7.5
4.5
4.5
5.0
8.0
6.5
5.0
5.0
5.0
6.5
8.0
5.0
5.0
4.0
4.0
5.0
5.0
4.6
0
5.5
5.0
5.5
5.0
0
4.0
4.0
4.0
5.0
7.5
4.5
4.5
5.0
6.5
8.0
5.0
5.0
4.0
5.0
4.0
5.0
4.6
0
5.5
5.5
5.0
5.0
0
4.0
6.5
5.0
5.0
4.0
5.0
4.0
5.0
4.6
0
5.5
5.0
5.5
5.0
0
4.0
4.0
4.0
5.0
7.0
0
5.0
4.6
0
5.5
5.0
5.5
5.0
0
4.0
4.0
4.0
5.0
7.0
0
6.0
0
10.0
5.2
0
0
5.0
5.0
0
4.0
4.0
4.0
5.0
7.0
0
6.0
0
10.0
5.2
0
0
5.0
5.0
9.5
0
0
0
6.0
0
10.0
5.2
0
0
5.0
5.0
9.5
0
0
11.0
5.5
0
0
6.5
0
5.5
5.0
4.0
4.0
5.0
7.0
0
6.0
0
10.0
5.2
0
0
5.0
5.0
9.5
0
0
11.0
5.5
0
0
0
4.0
4.0
4.0
5.0
7.0
0
6.0
0
10.0
5.2
0
0
5.0
5.0
9.5
0
0
11.0
5.5
4.0
4.0
5.0
7.0
0
6.0
0
10.0
5.2
0
0
5.0
5.0
9.5
0
0
11.0
5.5
0
0
0
5.0
5.0
9.5
0
0
11.0
5.5
0
0
6.5
0
5.5
5.0
4.0
0
20.0
6.0
50.0
0
0
11.0
5.5
0
0
6.5
5.5
0
5.0
4.0
0
20.0
6.0
50.0
0
0
6.0
8.0
0
0
6.5
0
5.5
5.0
4.0
0
20.0
6.0
50.0
0
0
6.0
8.0
5.0
9.0
5.0
9.5
6.0
8.0
5.0
9.0
5.0
9.5
8.0
0
4.0
0
6.0
5.0
9.0
4.5
5.6
0
10.0
6.5
0
5.0
5.0
9.0
5.0
9.5
8.0
0
4.0
0
6.0
5.0
9.0
4.5
5.6
0
10.0
6.5
0
5.0
5.0
4.8
5.0
9.0
4.5
5.6
0
10.0
6.5
0
5.0
5.0
4.8
12.0
4.2
5.0
5.0
7.0
5.0
4.2
4.4
11.0
5.0
5.0
4.8
12.0
4.2
5.0
5.0
7.0
5.0
4.2
4.4
11.0
8.1
4.0
5.0
0
5.0
4.5
0
10.0
5.0
5.0
7.0
5.0
4.2
4.4
11.0
8.1
4.0
5.0
0
5.0
4.5
0
10.0
5.0
4.0
3.5
5.0
4.5
4.0
5.0
0
5.0
4.5
0
10.0
5.0
4.0
3.5
5.0
4.5
4.0
8.2
0
0
5.0
0.0
38.0
3.8
5.0
4.5
4.0
8.2
0
0
5.0
0.0
38.0
3.8
4.6
0.0
0
0
12.0
0
4.2
4.0
8.0
0
0
0
12.0
4.2
0
4.0
8.0
0
4.0
4.5
8.0
3.5
5.0
3.5
100.0
5.0
5.0
4.0
5.0
5.0
4.0
4.5
8.0
3.5
5.0
3.5
100.0
5.0
5.0
4.0
5.0
5.0
0.0
5.5
5.5
4.0
5.0
4.5
5.0
4.5
4.0
5.0
4.5
5.0
4.5
4.0
0
4.0
0
5.0
0
4.2
10.0
5.5
0
9.5
5.0
4.0
4.2
5.0
0
5.0
0
4.2
10.0
5.5
0
9.5
5.0
4.0
4.2
5.0
5.0
4.5
3.5
4.5
5.0
0
0
12.0
4.0
5.0
4.2
5.0
4.5
3.5
4.5
5.0
0
0
12.0
4.0
4.4
6.0
4.0
5.0
8.0
5.0
4.5
4.0
12.0
4.0
4.4
6.0
4.0
5.0
8.0
5.0
4.5
4.0
5.0
5.0
4.1
5.0
3.0
5.0
4.0
5.0
10.0
4.5
5.0
5.0
3.0
4.0
5.0
10.0
4.5
4.58
14.0
4.0
5.0
7.0
0
0
5.8
6.0
4.0
0
0
4.0
0
5.8
6.0
4.0
0
0
4.0
4.0
3.5
5.5
10.0
13.5
4.0
4.6
5.0
4.0
4.3
0
5.5
5.0
4.0
4.3
0
5.5
5.0
8.0
5.0
0
3.9
5.0
4.2
4.0
0
10.0
4.2
12.0
0
10.0
4.8
4.0
4.0
0
10.0
4.2
12.0
0
10.0
4.8
4.0
15.0
36.0
4.5
10.0
6.0
12.0
5.0
0
0
5.5
4.0
36.0
4.5
10.0
6.0
12.0
5.0
0
0
5.5
4.0
4.0
0
12.0
6.0
4.0
4.1
10.0
0.0
4.0
8.0
6.0
4.1
4.0
10.0
0.0
4.0
8.0
8.5
7.0
0
5.0
4.0
8.0
5.0
4.0
4.0
5.0
9.0
0
0
7.0
0
5.0
4.0
8.0
5.0
4.0
4.0
5.0
9.0
0
0
0
6.5
3.2
4.0
12.0
7.2
10.0
4.5
5.0
4.0
4.0
5.0
9.0
0
0
0
6.5
3.2
4.0
12.0
7.2
10.0
4.5
0
10.0
7.6
4.0
4.0
0
6.5
3.2
4.0
7.2
12.0
10.0
4.5
0
10.0
7.6
4.0
4.0
10.0
4.0
4.0
6.5
10.0
10.0
4.6
4.5
0
10.0
7.6
4.0
4.0
10.0
4.0
4.0
6.5
10.0
10.0
4.6
8.0
10.0
9.0
8.0
10.0
4.0
7.0
10.0
10.0
4.6
8.0
10.0
9.0
8.0
10.0
4.0
7.0
0
0
4.0
4.2
4.0
4.0
7.0
4.2
5.0
3.5
0
4.0
4.2
4.0
4.0
7.0
4.2
3.5
5.0
5.0
0
4.0
5.0
5.0
5.0
4.5
6.0
6.0
7.5
18.0
4.2
5.0
3.5
5.0
4.0
0
5.0
5.0
5.0
4.5
6.0
6.0
7.5
18.0
4.2
6.0
6.0
12.0
4.0
5.5
18.0
4.2
6.0
6.0
12.0
4.0
5.5
5.0
6.7
5.0
4.5
7.2
25.0
3.9
0
10.0
7.5
5.8
5.0
15.0
6.0
12.0
4.0
5.5
5.0
6.7
5.0
4.5
7.2
25.0
3.9
0
10.0
7.5
5.8
5.0
15.0
50.0
4.5
4.5
25.0
3.9
0
10.0
7.5
5.8
5.0
15.0
50.0
4.5
4.5
8.0
5.5
10.0
5.0
8.0
12.0
3.7
3.8
8.0
7.5
5.8
5.0
15.0
50.0
4.5
4.5
8.0
5.5
10.0
5.0
8.0
12.0
3.7
8.0
3.8
4.2
0.0
4.0
0
5.0
6.7
5.0
4.5
7.2
25.0
3.9
0
10.0
7.5
5.8
5.0
15.0
50.0
4.5
4.5
8.0
5.5
10.0
8.0
3.9
0
10.0
7.5
5.8
5.0
15.0
50.0
4.5
4.5
8.0
5.5
10.0
8.0
5.0
12.0
3.7
8.0
3.8
4.2
4.5
8.0
5.5
10.0
5.0
8.0
12.0
3.7
3.8
8.0
4.2
0.0
4.0
0
6.0
6.0
20.0
4.5
9.0
10.0
4.2
0.0
4.0
0
6.0
6.0
9.0
4.5
20.0
10.0
4.2
6.0
4.0
4.0
100.0
7.0
5.4
5.0
6.5
5.0
4.5
9.0
10.0
4.2
4.0
6.0
4.0
100.0
7.0
5.4
5.0
6.5
5.0
7.0
4.38
0
4.0
4.0
5.0
0
6.0
4.0
4.0
100.0
7.0
5.4
5.0
6.5
5.0
7.0
4.38
0
4.0
4.0
5.0
0
3.2
3.7
0
8.0
5.4
5.0
6.5
5.0
7.0
4.38
0
4.0
4.0
5.0
0
3.2
3.7
0
8.0
0
5.0
0
10.0
4.0
6.5
5.0
7.0
4.38
0
4.0
4.0
5.0
0
3.2
3.7
0
8.0
5.0
0
0
10.0
4.0
5.0
30.0
5.0
0
3.2
3.7
0
8.0
5.0
0
0
10.0
4.0
5.0
30.0
4.0
0
9.0
5.5
10.0
0.0
4.0
0
4.0
4.0
5.0
0
3.2
3.7
0
8.0
5.0
0
0
10.0
4.0
5.0
30.0
4.0
0
9.0
5.5
5.0
6.5
5.0
7.0
4.38
0
4.0
4.0
5.0
0
3.2
3.7
0
8.0
0
5.0
0
10.0
4.0
5.0
4.0
4.0
5.0
0
3.2
3.7
0
8.0
0
5.0
0
10.0
4.0
5.0
30.0
4.0
0
9.0
5.5
10.0
4.0
4.0
5.0
0
3.2
3.7
0
8.0
0
5.0
0
10.0
4.0
5.0
30.0
4.0
0
9.0
5.5
10.0
4.0
4.0
5.0
0
3.2
3.7
0
8.0
5.0
0
0
10.0
4.0
5.0
30.0
4.0
0
9.0
5.5
10.0
0
4.0
4.0
5.0
0
3.2
3.7
0
8.0
0
5.0
0
10.0
4.0
5.0
30.0
4.0
0
9.0
5.5
7.0
4.38
0
4.0
4.0
5.0
0
3.2
3.7
0
8.0
5.0
0
0
10.0
4.0
5.0
30.0
4.0
0
4.0
4.0
5.0
0
3.2
3.7
0
8.0
0
5.0
0
10.0
4.0
5.0
30.0
4.0
0
9.0
5.5
10.0
3.2
3.7
0
8.0
5.0
0
0
10.0
4.0
5.0
30.0
4.0
0
9.0
5.5
10.0
0.0
4.0
0
4.0
0
3.2
3.7
0
8.0
5.0
0
0
10.0
4.0
5.0
30.0
4.0
0
9.0
5.5
10.0
0.0
4.0
0
3.2
3.7
0
8.0
0
5.0
0
10.0
4.0
5.0
30.0
4.0
0
9.0
5.5
10.0
4.0
0.0
0
6.0
4.0
5.0
0
3.2
3.7
0
8.0
5.0
0
0
10.0
4.0
5.0
30.0
4.0
0
9.0
5.5
10.0
0.0
0
3.2
3.7
0
8.0
0
5.0
0
10.0
4.0
5.0
30.0
4.0
0
9.0
5.5
10.0
4.0
0.0
0
8.0
5.0
0
0
10.0
4.0
5.0
30.0
4.0
0
9.0
5.5
10.0
4.0
0.0
0
6.0
4.0
4.0
0
5.5
10.0
4.0
0.0
0
4.0
6.0
4.0
0
5.0
5.0
30.0
6.0
3.5
4.0
10.0
6.5
5.0
6.6
4.1
4.0
0
9.0
5.5
10.0
0.0
4.0
0
4.0
6.0
4.0
0
5.0
5.0
30.0
6.0
3.5
4.0
10.0
6.5
4.0
4.0
0
5.0
5.0
30.0
6.0
3.5
4.0
10.0
6.5
5.0
6.6
4.1
0
4.5
12.0
0
7.0
0.0
30.0
5.0
6.0
3.5
4.0
10.0
6.5
5.0
4.1
6.6
0
4.5
12.0
0
7.0
0.0
4.0
6.0
4.0
5.0
0
5.0
5.0
30.0
6.0
3.5
4.0
10.0
6.5
5.0
4.1
6.6
0
4.5
12.0
0
7.0
0.0
4.0
6.0
6.0
3.5
4.0
10.0
6.5
5.0
6.6
4.1
0
4.5
12.0
0
7.0
0.0
4.0
6.0
4.0
5.0
7.0
0
0
7.0
0.0
4.0
6.0
4.0
5.0
7.0
0
4.7
3.5
7.0
4.0
0
6.0
4.5
5.0
6.0
0
0.0
0
4.5
12.0
0
7.0
0.0
4.0
6.0
4.0
5.0
7.0
0
4.7
3.5
7.0
4.0
0
6.0
4.5
5.0
0.0
4.0
6.0
4.0
5.0
7.0
0
4.7
3.5
7.0
4.0
0
6.0
4.5
5.0
6.0
0
0.0
0
3.1
0
6.0
4.5
5.0
6.0
0
0.0
0
3.1
0
16.0
8.0
4.5
8.1
0
4.0
5.5
3.5
0
8.0
8.0
4.5
8.1
0
4.0
5.5
3.5
0
8.0
4.0
4.0
6.0
3.5
4.2
0
6.9
5.0
7.0
0
15.0
4.0
6.0
3.5
4.2
0
6.9
5.0
7.0
0
15.0
0
5.0
4.0
12.0
0
6.0
0
4.5
6.0
5.0
6.9
5.0
7.0
0
15.0
0
5.0
4.0
12.0
0
6.0
0
4.5
6.0
5.0
4.5
8.0
0
3.9
3.7
12.0
0
6.0
0
4.5
6.0
5.0
4.5
8.0
0
3.9
3.7
3.8
4.0
5.0
7.5
7.5
5.0
7.0
4.6
0
3.9
3.7
3.8
4.0
5.0
7.5
7.5
5.0
7.0
4.6
4.0
4.0
3.8
0
7.3
0
8.0
6.0
3.0
3.7
3.8
4.0
5.0
7.5
7.5
5.0
7.0
4.6
4.0
4.0
3.8
0
7.3
0
8.0
6.0
3.0
5.0
0
7.5
7.5
5.0
7.0
4.6
4.0
4.0
3.8
0
7.3
0
8.0
6.0
3.0
5.0
0
4.0
4.0
0
5.5
5.0
7.5
7.5
5.0
7.0
4.6
4.0
4.0
3.8
0
7.3
0
8.0
6.0
3.0
5.0
0
4.0
4.0
0
7.5
5.0
7.0
4.6
4.0
4.0
3.8
0
7.3
0
8.0
6.0
3.0
5.0
0
4.0
4.0
0
5.5
4.5
4.0
4.0
3.8
0
7.3
0
8.0
6.0
3.0
5.0
0
4.0
4.0
0
5.5
4.5
5.5
0
4.4
4.0
3.0
5.0
0
4.0
4.0
0
5.5
4.5
5.5
0
4.4
4.0
6.0
0
4.0
6.0
8.3
10.0
0
11.0
4.4
4.0
6.0
0
4.0
6.0
8.3
10.0
0
11.0
4.2
5.0
0
0
4.0
0
0
0
0
4.0
10.0
0
11.0
4.2
5.0
0
0
4.0
0
0
0
4.0
0
4.0
0.0
0
8.0
50.0
5.4
0
8.0
0
5.4
21.0
5.0
0
8.0
7.4
6.0
4.0
0
0
5.1
6.0
20.0
3.5
0
9.0
5.0
12.0
0
0
5.1
6.0
20.0
3.5
0
9.0
12.0
5.0
0.0
4.0
4.4
10.0
4.5
14.0
0
4.0
6.8
32.0
20.0
3.5
0
9.0
12.0
5.0
0.0
4.0
4.4
10.0
4.5
14.0
0
4.0
6.8
32.0
0
5.0
6.2
15.0
14.0
0
4.0
6.8
32.0
0
5.0
6.2
15.0
0
24.0
4.0
12.0
0
4.2
0
0
4.0
0
0
0
4.2
0
0
4.0
0
0
4.0
0
0
5.0
4.0
13.0
3.3
0
0
6.0
0
35.0
0
13.0
3.3
0
0
6.0
0
35.0
0
0
5.5
0
4.0
5.2
3.1
0
6.0
0
5.5
7.0
5.0
6.0
0
5.5
7.0
5.0
7.0
10.5
8.5
5.0
5.0
4.4
5.0
4.8
3.5
0
20.0
10.0
4.5
4.0
0
10.0
4.5
4.0
0
0
4.1
0.0
6.0
0
6.0
7.0
4.5
0
7.5
9.0
4.05
0
13.0
0
7.5
9.0
4.05
13.0
0
0
5.1
0
11.0
13.5
4.0
0
4.2
0
8.5
0.0
4.5
4.0
12.0
0
0
4.2
0
8.5
0.0
4.5
4.0
12.0
0
6.0
6.2
0
5.0
4.4
4.0
8.5
4.5
9.0
5.0
118.0
8.5
9.0
5.0
118.0
4.5
4.5
27.0
57.0
10.0
4.2
3.3
3.6
8.0
5.0
6.5
0
0
6.0
5.4
0
3.3
3.6
8.0
5.0
0
6.5
0
6.0
5.4
0
10.0
0
7.5
10.0
54.0
6.5
4.0
0
5.0
4.0
7.5
10.0
54.0
6.5
4.0
0
4.0
5.0
0
7.0
0
4.0
0
0
4.0
5.0
0
5.77
6.0
0
4.0
5.0
0
7.0
0
4.0
0
0
4.0
5.0
0
5.77
6.0
0
4.0
4.0
0
0
3.8
4.0
0
5.77
6.0
0
4.0
4.0
0
0
3.8
4.0
0
5.0
8.0
22.0
5.8
0
8.0
4.0
0
3.8
0
3.8
4.0
0
5.0
8.0
22.0
5.8
0
8.0
4.0
0
3.8
4.0
0
100.0
4.0
4.8
0.0
7.3
4.8
0.0
7.3
6.7
5.5
5.0
4.0
11.0
5.0
4.0
0
4.0
8.0
13.65
10.0
4.0
0
6.0
4.0
8.4
8.0
13.65
10.0
4.0
0
6.0
4.0
8.4
0
0.0
5.0
0
5.5
6.0
0
0
0
8.0
0
57.0
0
0.0
5.0
0
5.5
6.0
0
0
0
8.0
0
0
57.0
11.0
4.1
0.0
5.5
0
0
10.2
8.0
0
0
57.0
4.1
11.0
0.0
5.5
0
0
10.2
9.9
4.0
0
0
7.0
10.0
3.8
5.0
3.5
5.5
6.0
4.5
0
4.0
5.0
3.5
0
4.2
0.0
6.2
