6990000000.0
4200000000.0
12500000000.0
7200000000.0
5250000000.0
3700000000.0
6300000000.0
62000000000.0
45000000000.0
10000000000.0
4500000000.0
3000000000.0
4000000000.0
3500000000.0
11000000000.0
6400000000.0
95000000000.0
2000000000.0
47000000000.0
5700000000.0
15000000000.0
2950000000.0
62000000000.0
2000000000.0
11000000000.0
4500000000.0
7200000000.0
6990000000.0
3500000000.0
12500000000.0
4200000000.0
6300000000.0
95000000000.0
5700000000.0
4000000000.0
10000000000.0
3700000000.0
5250000000.0
45000000000.0
6400000000.0
4500000000.0
7200000000.0
6990000000.0
3500000000.0
12500000000.0
4200000000.0
6300000000.0
95000000000.0
5700000000.0
4000000000.0
10000000000.0
3700000000.0
5250000000.0
45000000000.0
6400000000.0
47000000000.0
4250000000.0
3000000000.0
7600000000.0
4000000000.0
5700000000.0
4000000000.0
10000000000.0
3700000000.0
5250000000.0
45000000000.0
6400000000.0
47000000000.0
4250000000.0
3000000000.0
7600000000.0
4000000000.0
7400000000.0
27500000000.0
6200000000.0
4980000000.0
75800000000.0
1900000000.0
6280000000.0
4250000000.0
11000000000.0
2000000000.0
4500000000.0
7200000000.0
6990000000.0
3500000000.0
12500000000.0
4200000000.0
6300000000.0
95000000000.0
5700000000.0
4000000000.0
10000000000.0
3700000000.0
5250000000.0
45000000000.0
6400000000.0
47000000000.0
3000000000.0
4250000000.0
45000000000.0
1600000000.0
19000000000.0
15000000000.0
2950000000.0
62000000000.0
2000000000.0
11000000000.0
4500000000.0
7200000000.0
6990000000.0
3500000000.0
12500000000.0
4200000000.0
6300000000.0
95000000000.0
5700000000.0
4000000000.0
10000000000.0
3700000000.0
15000000000.0
2950000000.0
62000000000.0
2000000000.0
11000000000.0
4500000000.0
7200000000.0
6990000000.0
3500000000.0
12500000000.0
4200000000.0
6300000000.0
95000000000.0
5700000000.0
4000000000.0
10000000000.0
3700000000.0
5250000000.0
45000000000.0
6400000000.0
2950000000.0
62000000000.0
2000000000.0
11000000000.0
4500000000.0
7200000000.0
6990000000.0
3500000000.0
12500000000.0
4200000000.0
6300000000.0
95000000000.0
5700000000.0
4000000000.0
10000000000.0
3700000000.0
5250000000.0
45000000000.0
6400000000.0
47000000000.0
4200000000.0
6300000000.0
95000000000.0
5700000000.0
4000000000.0
10000000000.0
3700000000.0
5250000000.0
45000000000.0
6400000000.0
47000000000.0
4250000000.0
3000000000.0
7600000000.0
4000000000.0
7400000000.0
27500000000.0
6200000000.0
75800000000.0
4980000000.0
62000000000.0
2000000000.0
11000000000.0
4500000000.0
7200000000.0
6990000000.0
3500000000.0
12500000000.0
4200000000.0
6300000000.0
95000000000.0
5700000000.0
4000000000.0
10000000000.0
3700000000.0
5250000000.0
45000000000.0
6400000000.0
47000000000.0
4250000000.0
3500000000.0
10200000000.0
45000000000.0
1600000000.0
19000000000.0
15000000000.0
2950000000.0
62000000000.0
11000000000.0
2000000000.0
4500000000.0
7200000000.0
6990000000.0
3500000000.0
12500000000.0
4200000000.0
6300000000.0
95000000000.0
5700000000.0
4000000000.0
1650000000.0
3500000000.0
10200000000.0
1600000000.0
45000000000.0
19000000000.0
15000000000.0
2950000000.0
62000000000.0
2000000000.0
11000000000.0
4500000000.0
7200000000.0
6990000000.0
3500000000.0
12500000000.0
4200000000.0
6300000000.0
95000000000.0
5700000000.0
1650000000.0
3500000000.0
10200000000.0
1600000000.0
45000000000.0
19000000000.0
15000000000.0
2950000000.0
62000000000.0
2000000000.0
11000000000.0
4500000000.0
7200000000.0
6990000000.0
3500000000.0
12500000000.0
4200000000.0
6300000000.0
95000000000.0
5700000000.0
19800000000.0
31500000000.0
6700000000.0
1650000000.0
3500000000.0
10200000000.0
45000000000.0
1600000000.0
19000000000.0
15000000000.0
2950000000.0
62000000000.0
11000000000.0
2000000000.0
4500000000.0
7200000000.0
6990000000.0
3500000000.0
12500000000.0
4200000000.0
5600000000.0
180000000000.0
19800000000.0
6700000000.0
31500000000.0
1650000000.0
3500000000.0
10200000000.0
1600000000.0
45000000000.0
19000000000.0
15000000000.0
2950000000.0
62000000000.0
2000000000.0
11000000000.0
4500000000.0
7200000000.0
6990000000.0
3500000000.0
19800000000.0
31500000000.0
6700000000.0
1650000000.0
3500000000.0
10200000000.0
45000000000.0
1600000000.0
19000000000.0
15000000000.0
2950000000.0
62000000000.0
2000000000.0
11000000000.0
4500000000.0
7200000000.0
6990000000.0
3500000000.0
12500000000.0
4200000000.0
16500000000.0
2400000000.0
4650000000.0
2700000000.0
5600000000.0
180000000000.0
19800000000.0
6700000000.0
31500000000.0
1650000000.0
3500000000.0
10200000000.0
1600000000.0
45000000000.0
19000000000.0
15000000000.0
2950000000.0
62000000000.0
2000000000.0
11000000000.0
19800000000.0
31500000000.0
6700000000.0
1650000000.0
3500000000.0
10200000000.0
45000000000.0
1600000000.0
19000000000.0
15000000000.0
2950000000.0
62000000000.0
2000000000.0
11000000000.0
4500000000.0
7200000000.0
6990000000.0
3500000000.0
12500000000.0
4200000000.0
5600000000.0
180000000000.0
19800000000.0
31500000000.0
6700000000.0
1650000000.0
3500000000.0
10200000000.0
1600000000.0
45000000000.0
19000000000.0
15000000000.0
2950000000.0
62000000000.0
2000000000.0
11000000000.0
4500000000.0
7200000000.0
6990000000.0
3500000000.0
31500000000.0
6700000000.0
1650000000.0
3500000000.0
10200000000.0
1600000000.0
45000000000.0
19000000000.0
15000000000.0
2950000000.0
62000000000.0
11000000000.0
2000000000.0
4500000000.0
7200000000.0
6990000000.0
3500000000.0
12500000000.0
4200000000.0
6300000000.0
1650000000.0
3500000000.0
10200000000.0
1600000000.0
45000000000.0
19000000000.0
15000000000.0
2950000000.0
62000000000.0
11000000000.0
2000000000.0
4500000000.0
7200000000.0
6990000000.0
3500000000.0
12500000000.0
4200000000.0
6300000000.0
95000000000.0
5700000000.0
19000000000.0
15000000000.0
2950000000.0
62000000000.0
2000000000.0
11000000000.0
4500000000.0
7200000000.0
6990000000.0
3500000000.0
12500000000.0
4200000000.0
6300000000.0
95000000000.0
5700000000.0
4000000000.0
10000000000.0
3700000000.0
5250000000.0
45000000000.0
6300000000.0
95000000000.0
5700000000.0
4000000000.0
10000000000.0
3700000000.0
5250000000.0
45000000000.0
6400000000.0
47000000000.0
3000000000.0
4250000000.0
7600000000.0
4000000000.0
7400000000.0
27500000000.0
6200000000.0
4980000000.0
75800000000.0
1900000000.0
3700000000.0
5250000000.0
45000000000.0
6400000000.0
47000000000.0
4250000000.0
3000000000.0
7600000000.0
4000000000.0
7400000000.0
27500000000.0
6200000000.0
75800000000.0
4980000000.0
1900000000.0
6280000000.0
4250000000.0
12500000000.0
19800000000.0
8300000000.0
75800000000.0
1900000000.0
6280000000.0
4250000000.0
8300000000.0
12500000000.0
19800000000.0
9000000000.0
5280000000.0
8490000000.0
3000000000.0
22800000000.0
54000000000.0
6200000000.0
3250000000.0
8380000000.0
4600000000.0
26500000000.0
1700000000.0
4600000000.0
5280000000.0
3000000000.0
22800000000.0
54000000000.0
6200000000.0
3250000000.0
8380000000.0
4600000000.0
26500000000.0
1700000000.0
4600000000.0
2200000000.0
5600000000.0
39000000000.0
16500000000.0
18500000000.0
17000000000.0
2390000000.0
7000000000.0
4500000000.0
4600000000.0
2200000000.0
5600000000.0
39000000000.0
18500000000.0
17000000000.0
16500000000.0
2390000000.0
7000000000.0
4500000000.0
13500000000.0
17500000000.0
14800000000.0
6500000000.0
1990000000.0
35000000000.0
11000000000.0
1450000000.0
6700000000.0
35000000000.0
1990000000.0
35000000000.0
11000000000.0
1450000000.0
6700000000.0
35000000000.0
48000000000.0
7050000000.0
19000000000.0
3900000000.0
21500000000.0
2500000000.0
7200000000.0
2300000000.0
85000000000.0
3800000000.0
103000000000.0
83000000000.0
7400000000.0
3200000000.0
3800000000.0
103000000000.0
83000000000.0
7400000000.0
3200000000.0
3780000000.0
7100000000.0
3000000000.0
27500000000.0
45000000000.0
3300000000.0
3500000000.0
3000000000.0
8880000000.0
7400000000.0
3800000000.0
2600000000.0
64000000000.0
6200000000.0
2800000000.0
35000000000.0
48000000000.0
7050000000.0
19000000000.0
3900000000.0
21500000000.0
2500000000.0
7200000000.0
2300000000.0
85000000000.0
3800000000.0
103000000000.0
83000000000.0
7400000000.0
3200000000.0
3780000000.0
7100000000.0
3000000000.0
27500000000.0
45000000000.0
3800000000.0
103000000000.0
83000000000.0
7400000000.0
3780000000.0
3200000000.0
7100000000.0
3000000000.0
27500000000.0
45000000000.0
3300000000.0
3500000000.0
3000000000.0
8880000000.0
7400000000.0
3800000000.0
2600000000.0
64000000000.0
6200000000.0
2800000000.0
3000000000.0
27500000000.0
45000000000.0
3300000000.0
3500000000.0
3000000000.0
8880000000.0
7400000000.0
3800000000.0
2600000000.0
64000000000.0
6200000000.0
2800000000.0
35000000000.0
98000000000.0
8000000000.0
5750000000.0
3950000000.0
2900000000.0
2200000000.0
3800000000.0
2600000000.0
64000000000.0
6200000000.0
2800000000.0
35000000000.0
98000000000.0
8000000000.0
5750000000.0
3950000000.0
2900000000.0
2200000000.0
20000000000.0
5750000000.0
25500000000.0
3000000.0
1750000000.0
17800000000.0
2800000000.0
14500000000.0
2200000000.0
5750000000.0
20000000000.0
25500000000.0
3000000000.0
1750000000.0
17800000000.0
2800000000.0
14500000000.0
31500000000.0
10000000000.0
5500000000.0
4500000000.0
5900000000.0
9800000000.0
12300000000.0
4680000000.0
5500000000.0
23500000000.0
68000000000.0
5900000000.0
9800000000.0
12300000000.0
4680000000.0
5500000000.0
23500000000.0
68000000000.0
8500000000.0
3700000000.0
3000000000.0
135000000000.0
20000000000.0
4200000000.0
65800000000.0
3500000000.0
3500000000.0
1700000000.0
5000000000.0
5850000000.0
3000000000.0
20000000000.0
4200000000.0
65800000000.0
3500000000.0
3500000000.0
1700000000.0
5000000000.0
5850000000.0
3000000000.0
3200000000.0
11000000000.0
23000000000.0
5000000000.0
8000000000.0
9900000000.0
4000000000.0
38000000000.0
2600000000.0
5800000000.0
6500000000.0
1700000000.0
5850000000.0
5000000000.0
3000000000.0
3200000000.0
11000000000.0
23000000000.0
5000000000.0
8000000000.0
9900000000.0
4000000000.0
38000000000.0
2600000000.0
5800000000.0
6500000000.0
37500000000.0
3700000000.0
48500000000.0
3250000000.0
7800000000.0
3200000000.0
11000000000.0
23000000000.0
5000000000.0
8000000000.0
9900000000.0
4000000000.0
38000000000.0
2600000000.0
5800000000.0
6500000000.0
37500000000.0
48500000000.0
3700000000.0
3250000000.0
7800000000.0
5100000000.0
4200000000.0
2900000000.0
6300000000.0
23000000000.0
5000000000.0
8000000000.0
9900000000.0
4000000000.0
38000000000.0
2600000000.0
5800000000.0
6500000000.0
37500000000.0
3700000000.0
48500000000.0
3250000000.0
7800000000.0
5100000000.0
4200000000.0
2900000000.0
6300000000.0
5000000000.0
35000000000.0
37500000000.0
3700000000.0
48500000000.0
3250000000.0
7800000000.0
5100000000.0
4200000000.0
2900000000.0
6300000000.0
5000000000.0
35000000000.0
3450000000.0
6000000000.0
5560000000.0
145000000000.0
7500000000.0
40000000000.0
720000000.0
600000000000.0
290000000000.0
6300000000.0
35000000000.0
5000000000.0
3450000000.0
6000000000.0
5560000000.0
145000000000.0
7500000000.0
40000000000.0
720000000.0
600000000000.0
290000000000.0
3700000000.0
5100000000.0
9500000000.0
8000000000.0
3750000000.0
16000000000.0
3900000000.0
6300000000.0
2900000000.0
6300000000.0
5000000000.0
35000000000.0
3450000000.0
6000000000.0
5560000000.0
145000000000.0
7500000000.0
40000000000.0
720000000.0
600000000000.0
290000000000.0
3700000000.0
5100000000.0
9500000000.0
8000000000.0
3750000000.0
16000000000.0
3900000000.0
3450000000.0
6000000000.0
5560000000.0
145000000000.0
7500000000.0
40000000000.0
720000000.0
600000000000.0
290000000000.0
3700000000.0
5100000000.0
9500000000.0
8000000000.0
3750000000.0
16000000000.0
3900000000.0
6300000000.0
130000000000.0
60000000000.0
40000000000.0
290000000000.0
3700000000.0
5100000000.0
9500000000.0
8000000000.0
3750000000.0
16000000000.0
3900000000.0
6300000000.0
130000000000.0
60000000000.0
40000000000.0
10500000000.0
60000000000.0
4700000000.0
20000000000.0
4600000000.0
4800000000.0
7300000000.0
28500000000.0
5100000000.0
9500000000.0
8000000000.0
3750000000.0
16000000000.0
3900000000.0
6300000000.0
130000000000.0
60000000000.0
40000000000.0
60000000000.0
10500000000.0
4700000000.0
20000000000.0
4600000000.0
4800000000.0
7300000000.0
30000000000.0
28500000000.0
8300000000.0
8000000000.0
3750000000.0
16000000000.0
3900000000.0
6300000000.0
130000000000.0
60000000000.0
40000000000.0
10500000000.0
60000000000.0
4700000000.0
20000000000.0
4600000000.0
4800000000.0
7300000000.0
30000000000.0
28500000000.0
8300000000.0
52800000000.0
150000000000.0
40000000000.0
720000000.0
600000000000.0
290000000000.0
3700000000.0
5100000000.0
9500000000.0
8000000000.0
3750000000.0
16000000000.0
3900000000.0
6300000000.0
130000000000.0
60000000000.0
40000000000.0
60000000000.0
10500000000.0
4700000000.0
20000000000.0
4600000000.0
5100000000.0
9500000000.0
8000000000.0
3750000000.0
16000000000.0
3900000000.0
6300000000.0
130000000000.0
60000000000.0
40000000000.0
10500000000.0
60000000000.0
4700000000.0
20000000000.0
4800000000.0
4600000000.0
7300000000.0
30000000000.0
28500000000.0
8300000000.0
290000000000.0
3700000000.0
5100000000.0
9500000000.0
8000000000.0
3750000000.0
16000000000.0
3900000000.0
6300000000.0
130000000000.0
60000000000.0
40000000000.0
60000000000.0
10500000000.0
4700000000.0
20000000000.0
4600000000.0
4800000000.0
7300000000.0
30000000000.0
3700000000.0
5100000000.0
9500000000.0
8000000000.0
3750000000.0
16000000000.0
3900000000.0
6300000000.0
130000000000.0
60000000000.0
40000000000.0
60000000000.0
10500000000.0
4700000000.0
20000000000.0
4800000000.0
4600000000.0
7300000000.0
28500000000.0
30000000000.0
5100000000.0
9500000000.0
8000000000.0
3750000000.0
16000000000.0
3900000000.0
6300000000.0
130000000000.0
60000000000.0
40000000000.0
60000000000.0
10500000000.0
4700000000.0
20000000000.0
4800000000.0
4600000000.0
7300000000.0
28500000000.0
30000000000.0
8300000000.0
3900000000.0
6300000000.0
130000000000.0
60000000000.0
40000000000.0
10500000000.0
60000000000.0
4700000000.0
20000000000.0
4600000000.0
4800000000.0
7300000000.0
28500000000.0
30000000000.0
8300000000.0
52800000000.0
150000000000.0
255000000000.0
4000000000.0
58500000000.0
4700000000.0
20000000000.0
4600000000.0
4800000000.0
7300000000.0
28500000000.0
30000000000.0
8300000000.0
52800000000.0
150000000000.0
255000000000.0
4000000000.0
58500000000.0
17200000000.0
8000000000.0
2750000000.0
58000000000.0
17000000000.0
4950000000.0
26000000000.0
4600000000.0
4800000000.0
7300000000.0
30000000000.0
28500000000.0
8300000000.0
52800000000.0
150000000000.0
255000000000.0
4000000000.0
58500000000.0
17200000000.0
8000000000.0
2750000000.0
58000000000.0
17000000000.0
4950000000.0
26000000000.0
6000000000.0
45000000000.0
255000000000.0
4000000000.0
58500000000.0
17200000000.0
8000000000.0
2750000000.0
58000000000.0
17000000000.0
4950000000.0
26000000000.0
6000000000.0
45000000000.0
13000000000.0
128000000000.0
59000000000.0
8000000000.0
3200000000.0
125000000000.0
28800000000.0
28000000000.0
17000000000.0
4950000000.0
26000000000.0
6000000000.0
45000000000.0
13000000000.0
128000000000.0
59000000000.0
8000000000.0
3200000000.0
125000000000.0
28800000000.0
28000000000.0
23000000000.0
43000000000.0
11500000000.0
51000000000.0
22500000000.0
65000000000.0
90000000000.0
8000000000.0
3200000000.0
125000000000.0
28800000000.0
28000000000.0
23000000000.0
43000000000.0
11500000000.0
51000000000.0
22500000000.0
65000000000.0
90000000000.0
2700000000.0
33000000000.0
3900000000.0
54500000000.0
130000000000.0
25000000000.0
71000000000.0
26000000000.0
2700000000.0
33000000000.0
3900000000.0
54500000000.0
130000000000.0
25000000000.0
71000000000.0
26000000000.0
6000000000.0
10000000000.0
11000000000.0
38500000000.0
16500000000.0
50600000000.0
54000000000.0
2400000000.0
25000000000.0
19500000000.0
49000000000.0
90000000000.0
11000000000.0
38500000000.0
16500000000.0
50600000000.0
54000000000.0
2400000000.0
25000000000.0
19500000000.0
49000000000.0
90000000000.0
40500000000.0
30000000000.0
10500000000.0
16500000000.0
64000000000.0
25500000000.0
120000000000.0
11500000000.0
8390000000.0
25500000000.0
54000000000.0
2400000000.0
25000000000.0
19500000000.0
49000000000.0
90000000000.0
40500000000.0
30000000000.0
10500000000.0
16500000000.0
64000000000.0
25500000000.0
120000000000.0
11500000000.0
8390000000.0
25500000000.0
14000000000.0
19500000000.0
31000000000.0
41000000000.0
49000000000.0
40500000000.0
90000000000.0
30000000000.0
10500000000.0
16500000000.0
64000000000.0
25500000000.0
120000000000.0
11500000000.0
8390000000.0
25500000000.0
14000000000.0
19500000000.0
31000000000.0
41000000000.0
9800000000.0
2900000000.0
68000000000.0
18500000000.0
64000000000.0
25500000000.0
120000000000.0
11500000000.0
8390000000.0
25500000000.0
14000000000.0
19500000000.0
31000000000.0
41000000000.0
9800000000.0
2900000000.0
68000000000.0
18500000000.0
48000000000.0
2650000000.0
3900000000.0
60000000000.0
180000000000.0
65000000000.0
31000000000.0
41000000000.0
9800000000.0
2900000000.0
68000000000.0
18500000000.0
48000000000.0
2650000000.0
3900000000.0
60000000000.0
180000000000.0
65000000000.0
58000000000.0
118000000000.0
6000000000.0
53000000000.0
1650000000.0
7100000000.0
2800000000.0
3700000000.0
60000000000.0
180000000000.0
65000000000.0
58000000000.0
118000000000.0
53000000000.0
6000000000.0
1650000000.0
7100000000.0
3700000000.0
2800000000.0
64000000000.0
1570000000.0
5700000000.0
3700000000.0
6000000000.0
53000000000.0
4800000000.0
18500000000.0
4100000000.0
3700000000.0
2800000000.0
64000000000.0
1570000000.0
5700000000.0
3700000000.0
6000000000.0
53000000000.0
4800000000.0
18500000000.0
4100000000.0
2800000000.0
32500000000.0
22000000000.0
17500000000.0
10000000000.0
52500000000.0
48500000000.0
7500000000.0
4800000000.0
18500000000.0
4100000000.0
2800000000.0
32500000000.0
22000000000.0
17500000000.0
10000000000.0
52500000000.0
48500000000.0
7500000000.0
4800000000.0
3900000000.0
15900000000.0
32000000000.0
156000000000.0
45000000000.0
15500000000.0
14800000000.0
10900000000.0
3250000000.0
15900000000.0
32000000000.0
156000000000.0
45000000000.0
15500000000.0
14800000000.0
10900000000.0
3250000000.0
25000000000.0
5200000000.0
10000000000.0
8400000000.0
51000000000.0
16500000000.0
4700000000.0
7000000000.0
13300000000.0
5150000000.0
6500000000.0
35000000000.0
5200000000.0
10000000000.0
8400000000.0
51000000000.0
16500000000.0
4700000000.0
7000000000.0
13300000000.0
5150000000.0
6500000000.0
35000000000.0
228000000000.0
79000000000.0
3000000000.0
63000000000.0
2650000000.0
2300000000.0
2900000000.0
3300000000.0
32000000000.0
3000000000.0
63000000000.0
2650000000.0
2300000000.0
2900000000.0
3300000000.0
32000000000.0
2500000000.0
7500000000.0
3680000000.0
105000000000.0
32000000000.0
41000000000.0
6200000000.0
2250000000.0
3600000000.0
26500000000.0
21900000000.0
19000000000.0
99000000000.0
2500000000.0
7500000000.0
3680000000.0
105000000000.0
32000000000.0
41000000000.0
6200000000.0
2250000000.0
3600000000.0
26500000000.0
21900000000.0
19000000000.0
99000000000.0
42000000000.0
3900000000.0
22500000000.0
15100000000.0
2950000000.0
5500000000.0
6560000000.0
3680000000.0
32000000000.0
105000000000.0
41000000000.0
6200000000.0
2250000000.0
3600000000.0
26500000000.0
21900000000.0
19000000000.0
99000000000.0
42000000000.0
3900000000.0
22500000000.0
15100000000.0
2950000000.0
5500000000.0
6560000000.0
65000000000.0
2500000000.0
42000000000.0
3900000000.0
22500000000.0
15100000000.0
2950000000.0
5500000000.0
6560000000.0
65000000000.0
2500000000.0
3200000000.0
32000000000.0
12500000000.0
50000000000.0
11000000000.0
68000000000.0
120000000000.0
2500000000.0
36000000000.0
62000000000.0
15000000000.0
3900000000.0
22500000000.0
15100000000.0
2950000000.0
5500000000.0
6560000000.0
65000000000.0
2500000000.0
3200000000.0
12500000000.0
32000000000.0
50000000000.0
11000000000.0
68000000000.0
120000000000.0
2500000000.0
62000000000.0
36000000000.0
15000000000.0
16500000000.0
50000000000.0
11000000000.0
68000000000.0
120000000000.0
2500000000.0
36000000000.0
62000000000.0
15000000000.0
16500000000.0
15500000000.0
9500000000.0
4900000000.0
21500000000.0
6700000000.0
54000000000.0
3500000000.0
46500000000.0
1300000000.0
1600000000.0
1750000000.0
36000000000.0
62000000000.0
15000000000.0
16500000000.0
15500000000.0
9500000000.0
4900000000.0
21500000000.0
6700000000.0
54000000000.0
3500000000.0
46500000000.0
1300000000.0
1600000000.0
1750000000.0
4750000000.0
15000000000.0
4885000000.0
2950000000.0
30000000000.0
54000000000.0
3500000000.0
46500000000.0
1300000000.0
1600000000.0
1750000000.0
4750000000.0
15000000000.0
4885000000.0
2950000000.0
30000000000.0
2400000000.0
3200000000.0
2100000000.0
8000000000.0
1000000000.0
15200000000.0
16500000000.0
49500000000.0
13400000000.0
8000000000.0
1000000000.0
15200000000.0
16500000000.0
49500000000.0
13400000000.0
6700000000.0
69500000000.0
3900000000.0
55000000000.0
51000000000.0
15500000000.0
1600000000.0
155000000000.0
31000000000.0
2550000000.0
16000000000.0
31000000000.0
25000000000.0
2800000000.0
51000000000.0
1600000000.0
155000000000.0
31000000000.0
2550000000.0
16000000000.0
31000000000.0
25000000000.0
2800000000.0
145000000000.0
27000000000.0
6700000000.0
35000000000.0
31500000000.0
2800000000.0
45000000000.0
4550000000.0
60000000000.0
4200000000.0
5400000000.0
2800000000.0
145000000000.0
27000000000.0
6700000000.0
35000000000.0
31500000000.0
2800000000.0
45000000000.0
4550000000.0
60000000000.0
4200000000.0
5400000000.0
19800000000.0
3900000000.0
18000000000.0
213000000000.0
38000000000.0
4000000000.0
5600000000.0
20500000000.0
5400000000.0
19800000000.0
3900000000.0
18000000000.0
213000000000.0
38000000000.0
4000000000.0
5600000000.0
20500000000.0
36500000000.0
5200000000.0
3100000000.0
6800000000.0
16800000000.0
7400000000.0
225000000000.0
2200000000.0
21000000000.0
4850000000.0
5150000000.0
2200000000.0
21000000000.0
4850000000.0
5150000000.0
550000000000.0
14000000000.0
2200000000.0
7300000000.0
23000000000.0
82000000000.0
2500000000.0
42800000000.0
5990000000.0
390000000000.0
7300000000.0
64300000000.0
18000000000.0
4300000000.0
22900000000.0
20000000000.0
2500000000.0
42800000000.0
5990000000.0
390000000000.0
7300000000.0
64300000000.0
18000000000.0
22900000000.0
4300000000.0
20000000000.0
9200000000.0
3450000000.0
29000000000.0
29500000000.0
5600000000.0
7700000000.0
2900000000.0
4200000000.0
21000000000.0
56000000000.0
4200000000.0
21000000000.0
56000000000.0
30000000000.0
31800000000.0
2750000000.0
3600000000.0
2380000000.0
5800000000.0
36500000000.0
2550000000.0
52000000000.0
10500000000.0
4750000000.0
42000000000.0
5100000000.0
58000000000.0
27800000000.0
5900000000.0
32000000000.0
4750000000.0
42000000000.0
58000000000.0
5100000000.0
27800000000.0
5900000000.0
32000000000.0
5450000000.0
7700000000.0
7500000000.0
6500000000.0
12700000000.0
175000000000.0
39000000000.0
17500000000.0
12500000000.0
9300000000.0
30000000000.0
4400000000.0
40000000000.0
175000000000.0
39000000000.0
17500000000.0
12500000000.0
9300000000.0
30000000000.0
4400000000.0
40000000000.0
4150000000.0
145000000000.0
28500000000.0
35000000000.0
5600000000.0
3100000000.0
2650000000.0
30000000000.0
15000000000.0
78000000000.0
34000000000.0
1800000000.0
30000000000.0
15000000000.0
78000000000.0
34000000000.0
1800000000.0
6600000000.0
7300000000.0
18500000000.0
16700000000.0
7000000000.0
4600000000.0
5600000000.0
12400000000.0
5500000000.0
13900000000.0
7600000000.0
11000000000.0
5300000000.0
7500000000.0
13400000000.0
13900000000.0
7600000000.0
5500000000.0
11000000000.0
5300000000.0
7500000000.0
95000000000.0
24000000000.0
13400000000.0
16300000000.0
7800000000.0
7500000000.0
20000000000.0
44500000000.0
50000000000.0
6300000000.0
23500000000.0
3350000000.0
290000000.0
7100000000.0
6300000000.0
23500000000.0
3350000000.0
290000000.0
7100000000.0
7300000000.0
4950000000.0
54000000000.0
4150000000.0
6300000000.0
42500000000.0
7000000000.0
82000000000.0
4400000000.0
69000000000.0
63000000000.0
26500000000.0
8590000000.0
90000000000.0
45000000000.0
7000000000.0
82000000000.0
4400000000.0
69000000000.0
63000000000.0
26500000000.0
8590000000.0
90000000000.0
16000000000.0
45000000000.0
4700000000.0
4100000000.0
44800000000.0
20600000000.0
24000000000.0
6500000000.0
3600000000.0
57000000000.0
34000000000.0
22000000000.0
44800000000.0
20600000000.0
24000000000.0
6500000000.0
3600000000.0
57000000000.0
34000000000.0
22000000000.0
15800000000.0
16500000000.0
6650000000.0
16000000000.0
3600000000.0
6700000000.0
61000000000.0
30500000000.0
167000000000.0
5950000000.0
3800000000.0
5500000000.0
3600000000.0
6700000000.0
61000000000.0
30500000000.0
167000000000.0
5950000000.0
3800000000.0
5500000000.0
1700000000.0
6600000000.0
3290000000.0
26000000000.0
66000000000.0
5700000000.0
5800000000.0
55000000000.0
6200000000.0
2900000000.0
3000000000.0
2800000000.0
5800000000.0
55000000000.0
6200000000.0
2900000000.0
3000000000.0
2800000000.0
29000000000.0
6200000000.0
7300000000.0
5000000000.0
6650000000.0
45000000000.0
16800000000.0
1800000000.0
39500000000.0
25000000000.0
21000000000.0
10800000000.0
4680000000.0
17500000000.0
6650000000.0
45000000000.0
16800000000.0
1800000000.0
39500000000.0
25000000000.0
21000000000.0
10800000000.0
4680000000.0
17500000000.0
10500000000.0
39900000000.0
33000000000.0
13800000000.0
28700000000.0
6400000000.0
7800000000.0
26500000000.0
75000000000.0
39000000000.0
25000000000.0
21000000000.0
10800000000.0
4680000000.0
17500000000.0
10500000000.0
39900000000.0
33000000000.0
13800000000.0
28700000000.0
7800000000.0
6400000000.0
26500000000.0
75000000000.0
39000000000.0
30000000000.0
7800000000.0
4500000000.0
36000000000.0
33000000000.0
75000000000.0
39000000000.0
7800000000.0
30000000000.0
4500000000.0
36000000000.0
33000000000.0
75000000.0
14800000000.0
83000000000.0
6000000000.0
140000000.0
5900000000.0
3800000000.0
6500000000.0
5600000000.0
130000000.0
5700000000.0
6400000000.0
3800000000.0
75000000.0
14800000000.0
83000000000.0
6000000000.0
140000000.0
5900000000.0
3800000000.0
6500000000.0
5600000000.0
130000000.0
5700000000.0
6400000000.0
3800000000.0
93000000000.0
60000000.0
4050000000.0
520000000000.0
75000000000.0
5500000000.0
88000000000.0
3800000000.0
93000000000.0
60000000.0
4050000000.0
520000000000.0
75000000000.0
5500000000.0
88000000000.0
620000000.0
7800000000.0
29900000000.0
5650000000.0
3800000000.0
43000000000.0
50000000000.0
4900000000.0
115000000.0
47000000000.0
3550000000.0
5600000000.0
5650000000.0
3800000000.0
43000000000.0
50000000000.0
4900000000.0
115000000.0
47000000000.0
3550000000.0
5600000000.0
16900000000.0
4000000000.0
2650000000.0
800000000.0
13500000000.0
3900000000.0
20500000000.0
7500000000.0
6500000000.0
2000000000.0
5600000000.0
115000000.0
47000000000.0
3550000000.0
5600000000.0
16900000000.0
4000000000.0
2650000000.0
800000000.0
13500000000.0
3900000000.0
20500000000.0
7500000000.0
6500000000.0
2000000000.0
5600000000.0
2900000000.0
19500000000.0
45000000000.0
5400000000.0
4150000000.0
47000000000.0
5600000000.0
3550000000.0
16900000000.0
4000000000.0
2650000000.0
800000000.0
13500000000.0
3900000000.0
20500000000.0
7500000000.0
6500000000.0
2000000000.0
5600000000.0
2900000000.0
19500000000.0
45000000000.0
5400000000.0
4150000000.0
6200000000.0
7500000000.0
6500000000.0
2000000000.0
5600000000.0
2900000000.0
19500000000.0
45000000000.0
5400000000.0
4150000000.0
6200000000.0
15200000000.0
760000000000.0
4400000000.0
54000000000.0
1150000000.0
35000000000.0
7300000000.0
1600000000.0
16500000000.0
4350000000.0
15200000000.0
760000000000.0
4400000000.0
54000000000.0
1150000000.0
7300000000.0
35000000000.0
1600000000.0
16500000000.0
4350000000.0
63000000000.0
52500000000.0
2650000000.0
105000000000.0
829000000.0
42000000000.0
56000000000.0
5300000000.0
47500000000.0
1800000000.0
16500000000.0
4350000000.0
63000000000.0
52500000000.0
2650000000.0
105000000000.0
829000000.0
42000000000.0
56000000000.0
5300000000.0
47500000000.0
1800000000.0
6500000000.0
4200000000.0
9800000000.0
3200000000.0
4150000000.0
59000000000.0
50000000000.0
399000000.0
3200000000.0
50000000000.0
4150000000.0
59000000000.0
399000000.0
18500000000.0
3850000000.0
19500000000.0
140000000.0
5500000000.0
3650000000.0
42500000000.0
399000000.0
13800000000.0
136000000000.0
11500000000.0
2650000000.0
1731000000.0
400000000000.0
11000000000.0
42500000000.0
399000000.0
13800000000.0
136000000000.0
11500000000.0
2650000000.0
1731000000.0
400000000000.0
11000000000.0
350000000.0
56000000000.0
5500000000.0
3300000000.0
5250000000.0
23500000000.0
10800000000.0
35000000000.0
4200000000.0
52000000000.0
450000000.0
35000000000.0
4200000000.0
52000000000.0
450000000.0
135000000.0
10700000000.0
4150000000.0
350000000.0
24600000000.0
115000000000.0
4400000000.0
3100000000.0
6400000000.0
5500000000.0
22600000000.0
5985000000.0
40000000000.0
4900000000.0
1880000000.0
4900000000.0
3100000000.0
6400000000.0
5500000000.0
5985000000.0
22600000000.0
40000000000.0
4900000000.0
1880000000.0
4900000000.0
119000000000.0
4500000000.0
8000000000.0
6500000000.0
18000000000.0
21000000000.0
2800000000.0
4500000000.0
5000000000.0
3600000000.0
14000000000.0
1880000000.0
4900000000.0
119000000000.0
4500000000.0
8000000000.0
6500000000.0
18000000000.0
21000000000.0
2800000000.0
4500000000.0
5000000000.0
3600000000.0
14000000000.0
4000000000.0
6400000000.0
43000000000.0
420000000000.0
6600000000.0
160000000000.0
16000000000.0
420000000000.0
6600000000.0
160000000000.0
16000000000.0
5000000000.0
5900000000.0
5400000000.0
7600000000.0
69000000000.0
2400000000.0
3500000000.0
28000000000.0
4150000000.0
3900000000.0
5990000000.0
24500000000.0
3200000000.0
30000000000.0
2500000000.0
3900000000.0
5990000000.0
24500000000.0
3200000000.0
30000000000.0
2500000000.0
7300000000.0
3900000000.0
5500000000.0
11500000000.0
65000000000.0
7750000000.0
6600000000.0
49000000000.0
5200000000.0
3200000000.0
33000000000.0
10000000000.0
5500000000.0
11500000000.0
65000000000.0
7750000000.0
49000000000.0
6600000000.0
5200000000.0
3200000000.0
33000000000.0
10000000000.0
7600000000.0
23000000000.0
48000000000.0
2500000000.0
50000000000.0
23000000000.0
45000000000.0
61000000000.0
5800000000.0
1830000000.0
50000000000.0
23000000000.0
45000000000.0
61000000000.0
5800000000.0
1830000000.0
50000000000.0
5600000000.0
17000000000.0
28000000000.0
5800000000.0
5700000000.0
24000000000.0
2900000000.0
48000000000.0
6400000000.0
4150000000.0
158000000000.0
3600000000.0
24000000000.0
2900000000.0
48000000000.0
6400000000.0
4150000000.0
158000000000.0
3600000000.0
66000000000.0
9500000000.0
11500000000.0
9200000000.0
1650000000.0
4900000000.0
18900000000.0
3700000000.0
8000000000.0
3600000000.0
3100000000.0
2900000000.0
7500000000.0
3600000000.0
66000000000.0
9500000000.0
1650000000.0
4900000000.0
9200000000.0
11500000000.0
18900000000.0
3700000000.0
8000000000.0
3600000000.0
3100000000.0
2900000000.0
7500000000.0
6400000000.0
2250000000.0
7850000000.0
14700000000.0
18900000000.0
5300000000.0
3100000000.0
2900000000.0
7500000000.0
6400000000.0
2250000000.0
7850000000.0
14700000000.0
5300000000.0
18900000000.0
6500000000.0
3980000000.0
12500000000.0
6300000000.0
5900000000.0
62000000000.0
4450000000.0
6900000000.0
180000000000.0
5000000000.0
54000000000.0
18900000000.0
6500000000.0
3980000000.0
12500000000.0
5900000000.0
6300000000.0
62000000000.0
4450000000.0
6900000000.0
180000000000.0
5000000000.0
54000000000.0
3800000000.0
35000000000.0
5900000000.0
115000000000.0
125000000000.0
6500000000.0
3279000000.0
1550000000.0
4450000000.0
6900000000.0
180000000000.0
5000000000.0
54000000000.0
3800000000.0
35000000000.0
115000000000.0
5900000000.0
125000000000.0
6500000000.0
3279000000.0
1550000000.0
36000000000.0
5250000000.0
5200000000.0
5050000000.0
7200000000.0
115000000000.0
3750000000.0
6900000000.0
180000000000.0
5000000000.0
54000000000.0
3800000000.0
35000000000.0
5900000000.0
115000000000.0
6500000000.0
125000000000.0
3279000000.0
1550000000.0
36000000000.0
5250000000.0
5200000000.0
5050000000.0
7200000000.0
115000000000.0
3750000000.0
2200000000.0
180000000000.0
5000000000.0
54000000000.0
3800000000.0
35000000000.0
115000000000.0
5900000000.0
6500000000.0
125000000000.0
3279000000.0
1550000000.0
36000000000.0
5250000000.0
5200000000.0
5050000000.0
7200000000.0
115000000000.0
3750000000.0
2200000000.0
35000000000.0
3279000000.0
1550000000.0
36000000000.0
5250000000.0
5200000000.0
5050000000.0
7200000000.0
115000000000.0
3750000000.0
2200000000.0
35000000000.0
12900000000.0
10900000000.0
11500000000.0
5500000000.0
19980000000.0
9900000000.0
200000000000.0
6000000000.0
16300000000.0
3279000000.0
1550000000.0
36000000000.0
5250000000.0
5200000000.0
5050000000.0
7200000000.0
115000000000.0
3750000000.0
2200000000.0
35000000000.0
12900000000.0
10900000000.0
11500000000.0
5500000000.0
19980000000.0
9900000000.0
200000000000.0
6000000000.0
16300000000.0
7200000000.0
115000000000.0
3750000000.0
2200000000.0
35000000000.0
12900000000.0
10900000000.0
11500000000.0
5500000000.0
19980000000.0
9900000000.0
200000000000.0
6000000000.0
16300000000.0
42000000000.0
3700000000.0
12500000000.0
11800000000.0
6300000000.0
31000000000.0
10900000000.0
11500000000.0
5500000000.0
19980000000.0
9900000000.0
200000000000.0
6000000000.0
16300000000.0
42000000000.0
3700000000.0
12500000000.0
11800000000.0
31000000000.0
6300000000.0
11000000000.0
5250000000.0
2300000000.0
5900000000.0
27000000000.0
8600000000.0
11500000000.0
5500000000.0
19980000000.0
9900000000.0
200000000000.0
6000000000.0
16300000000.0
42000000000.0
3700000000.0
12500000000.0
11800000000.0
31000000000.0
6300000000.0
11000000000.0
5250000000.0
2300000000.0
5900000000.0
27000000000.0
8600000000.0
2200000000.0
5250000000.0
2300000000.0
5900000000.0
27000000000.0
8600000000.0
2200000000.0
28600000000.0
3900000000.0
52000000000.0
33000000000.0
5200000000.0
20000000000.0
10800000000.0
5300000000.0
4850000000.0
5900000000.0
5600000000.0
25000000000.0
7800000000.0
12000000000.0
5200000000.0
20000000000.0
5300000000.0
10800000000.0
4850000000.0
5900000000.0
5600000000.0
25000000000.0
7800000000.0
12000000000.0
4680000000.0
45500000000.0
7750000000.0
3500000000.0
4200000000.0
5980000000.0
5500000000.0
3350000000.0
2550000000.0
2600000000.0
25000000000.0
7800000000.0
12000000000.0
4680000000.0
45500000000.0
7750000000.0
3500000000.0
4200000000.0
5980000000.0
5500000000.0
3350000000.0
2550000000.0
2600000000.0
4700000000.0
6950000000.0
28500000000.0
3650000000.0
6500000000.0
2800000000.0
10500000000.0
7800000000.0
12000000000.0
4680000000.0
45500000000.0
7750000000.0
3500000000.0
4200000000.0
5980000000.0
5500000000.0
3350000000.0
2550000000.0
2600000000.0
4700000000.0
6950000000.0
28500000000.0
3650000000.0
6500000000.0
2800000000.0
10500000000.0
13000000000.0
3500000000.0
4200000000.0
5980000000.0
5500000000.0
3350000000.0
2550000000.0
2600000000.0
4700000000.0
28500000000.0
6950000000.0
3650000000.0
6500000000.0
2800000000.0
10500000000.0
13000000000.0
5500000000.0
7150000000.0
7500000000.0
37800000000.0
99000000000.0
13000000000.0
5500000000.0
7150000000.0
7500000000.0
37800000000.0
99000000000.0
110000000000.0
4400000000.0
1520000000.0
30000000000.0
4600000000.0
10700000000.0
17000000000.0
5600000000.0
19900000000.0
3100000000.0
95000000000.0
11500000000.0
40000000000.0
110000000000.0
110000000000.0
4400000000.0
1520000000.0
30000000000.0
4600000000.0
10700000000.0
17000000000.0
5600000000.0
19900000000.0
3100000000.0
95000000000.0
11500000000.0
40000000000.0
110000000000.0
7200000000.0
850000000.0
16000000000.0
5150000000.0
48000000000.0
4300000000.0
37800000000.0
99000000000.0
110000000000.0
4400000000.0
1520000000.0
30000000000.0
4600000000.0
10700000000.0
17000000000.0
5600000000.0
19900000000.0
3100000000.0
95000000000.0
11500000000.0
40000000000.0
7200000000.0
110000000000.0
850000000.0
16000000000.0
5150000000.0
4600000000.0
10700000000.0
17000000000.0
5600000000.0
19900000000.0
3100000000.0
95000000000.0
11500000000.0
40000000000.0
110000000000.0
7200000000.0
850000000.0
16000000000.0
5150000000.0
48000000000.0
4300000000.0
1950000000.0
26000000000.0
5000000000.0
1850000000.0
850000000.0
16000000000.0
5150000000.0
48000000000.0
4300000000.0
1950000000.0
26000000000.0
5000000000.0
1850000000.0
35000000000.0
5500000000.0
105000000000.0
3000000000.0
4500000000.0
1850000000.0
167000000000.0
46500000000.0
27800000000.0
4550000000.0
1960000000.0
48000000000.0
4300000000.0
1950000000.0
26000000000.0
5000000000.0
1850000000.0
35000000000.0
5500000000.0
105000000000.0
3000000000.0
4500000000.0
1850000000.0
167000000000.0
46500000000.0
27800000000.0
4550000000.0
1960000000.0
4500000000.0
76500000000.0
2600000000.0
1850000000.0
35000000000.0
5500000000.0
105000000000.0
3000000000.0
4500000000.0
1850000000.0
167000000000.0
46500000000.0
27800000000.0
4550000000.0
1960000000.0
4500000000.0
76500000000.0
2600000000.0
None
6300000000.0
2800000000.0
1500000000.0
3750000000.0
35000000000.0
5500000000.0
105000000000.0
3000000000.0
4500000000.0
167000000000.0
1850000000.0
46500000000.0
27800000000.0
4550000000.0
1960000000.0
4500000000.0
76500000000.0
2600000000.0
None
6300000000.0
2800000000.0
1500000000.0
3750000000.0
8500000000.0
167000000000.0
46500000000.0
27800000000.0
4550000000.0
1960000000.0
4500000000.0
76500000000.0
26000000000.0
None
6300000000.0
2800000000.0
1500000000.0
3750000000.0
8500000000.0
17500000000.0
5250000000.0
6100000000.0
13000000000.0
4980000000.0
2500000000.0
1960000000.0
4500000000.0
76500000000.0
2600000000.0
None
6300000000.0
2800000000.0
1500000000.0
3750000000.0
8500000000.0
5250000000.0
17500000000.0
6100000000.0
13000000000.0
4980000000.0
2500000000.0
6380000000.0
43000000000.0
6700000000.0
1850000000.0
8500000000.0
17500000000.0
5250000000.0
6100000000.0
13000000000.0
4980000000.0
2500000000.0
6380000000.0
43000000000.0
6700000000.0
1850000000.0
68000000000.0
26500000000.0
6350000000.0
6200000000.0
45000000000.0
5900000000.0
170000000000.0
27500000000.0
3400000000.0
6350000000.0
6200000000.0
45000000000.0
5900000000.0
170000000000.0
27500000000.0
3400000000.0
119000000000.0
33000000000.0
6450000000.0
4300000000.0
4980000000.0
23000000000.0
5200000000.0
7900000000.0
14250000000.0
86000000000.0
1850000000.0
5000000000.0
435000000000.0
33000000000.0
6450000000.0
4300000000.0
4980000000.0
23000000000.0
5200000000.0
7900000000.0
14250000000.0
86000000000.0
1850000000.0
5000000000.0
435000000000.0
8200000000.0
5400000000.0
5200000000.0
6300000000.0
11000000000.0
2850000000.0
300000000000.0
3450000000.0
5000000000.0
435000000000.0
8200000000.0
5400000000.0
5200000000.0
6300000000.0
11000000000.0
2850000000.0
300000000000.0
3450000000.0
3600000000.0
21500000000.0
45000000000.0
18000000000.0
5250000000.0
1600000000.0
980000000.0
5250000000.0
4000000000.0
14450000000.0
18000000000.0
5250000000.0
1600000000.0
980000000.0
5250000000.0
4000000000.0
14450000000.0
5850000000.0
165000000000.0
6800000000.0
4000000000.0
6200000000.0
1310000000.0
89000000000.0
560000000.0
4500000000.0
28500000000.0
3150000000.0
2900000000.0
5800000000.0
89000000000.0
560000000.0
4500000000.0
28500000000.0
3150000000.0
2900000000.0
5800000000.0
6900000000.0
6200000000.0
15600000000.0
6450000000.0
3800000000.0
7200000000.0
2860000000.0
7000000000.0
3300000000.0
73000000000.0
68000000000.0
6500000000.0
5500000000.0
2900000000.0
6900000000.0
6200000000.0
15600000000.0
6450000000.0
3800000000.0
7200000000.0
2860000000.0
7000000000.0
3300000000.0
73000000000.0
68000000000.0
6500000000.0
5500000000.0
7900000000.0
302000000000.0
6900000000.0
5000000000.0
3900000000.0
5900000000.0
3800000000.0
7200000000.0
2860000000.0
7000000000.0
3300000000.0
73000000000.0
68000000000.0
6500000000.0
5500000000.0
7900000000.0
302000000000.0
6900000000.0
5000000000.0
3900000000.0
5900000000.0
12800000000.0
17600000000.0
39000000000.0
3900000000.0
95000000000.0
3900000000.0
5900000000.0
12800000000.0
17600000000.0
39000000000.0
3900000000.0
95000000000.0
2650000000.0
20800000000.0
6700000000.0
9000000000.0
2700000000.0
5250000000.0
4300000000.0
35000000000.0
42500000000.0
7000000000.0
4000000.0
3200000000.0
11500000000.0
2700000000.0
5250000000.0
4300000000.0
35000000000.0
42500000000.0
7000000000.0
4000000000.0
3200000000.0
11500000000.0
6850000000.0
5800000000.0
6800000000.0
9000000000.0
3450000000.0
17000000000.0
3550000000.0
3550000000.0
29500000000.0
4300000000.0
45000000000.0
6800000000.0
9000000000.0
3450000000.0
17000000000.0
3550000000.0
3550000000.0
29500000000.0
4300000000.0
45000000000.0
7300000000.0
3550000000.0
5990000000.0
115000000000.0
5000000000.0
12900000000.0
3800000000.0
24000000000.0
7500000000.0
17000000000.0
3550000000.0
5990000000.0
115000000000.0
5000000000.0
12900000000.0
3800000000.0
24000000000.0
7500000000.0
17000000000.0
6800000000.0
4000000000.0
8400000000.0
2990000000.0
11200000000.0
5500000000.0
17500000000.0
5100000000.0
22000000000.0
6500000000.0
5300000000.0
2990000000.0
11200000000.0
5500000000.0
17500000000.0
5100000000.0
22000000000.0
6500000000.0
5300000000.0
4500000000.0
1800000000.0
4498000000.0
5000000000.0
26000000000.0
3400000000.0
3500000000.0
6200000000.0
2800000000.0
16200000000.0
5500000000.0
3400000000.0
3500000000.0
6200000000.0
2800000000.0
16200000000.0
5500000000.0
22500000000.0
520000000000.0
6000000000.0
12500000000.0
9500000000.0
33000000000.0
3800000000.0
33500000000.0
4900000000.0
2650000000.0
15500000000.0
39500000000.0
8400000000.0
4900000000.0
2650000000.0
15500000000.0
39500000000.0
8400000000.0
5800000000.0
35000000000.0
22000000000.0
4500000000.0
28000000000.0
52000000000.0
6000000000.0
4200000000.0
40000000000.0
18000000000.0
55000000000.0
5000000000.0
23800000000.0
3050000000.0
75000000000.0
22000000000.0
4500000000.0
28000000000.0
52000000000.0
6000000000.0
4200000000.0
40000000000.0
18000000000.0
55000000000.0
5000000000.0
23800000000.0
3050000000.0
75000000000.0
21000000000.0
190000000000.0
3750000000.0
36000000000.0
4500000000.0
15500000000.0
10500000000.0
18000000000.0
55000000000.0
5000000000.0
23800000000.0
3050000000.0
75000000000.0
21000000000.0
190000000000.0
3750000000.0
36000000000.0
4500000000.0
15500000000.0
10500000000.0
3050000000.0
3050000000.0
35000000000.0
64000000000.0
12500000000.0
5500000000.0
42500000000.0
15500000000.0
10500000000.0
3050000000.0
3050000000.0
35000000000.0
64000000000.0
5500000000.0
12500000000.0
42500000000.0
7400000000.0
8350000000.0
50000000000.0
43000000000.0
8000000000.0
15800000000.0
13200000000.0
6900000000.0
23800000000.0
5300000000.0
4000000000.0
15800000000.0
13200000000.0
6900000000.0
23800000000.0
5300000000.0
4000000000.0
5700000000.0
4280000000.0
6500000000.0
8760000000.0
3190000000.0
71000000000.0
5000000000.0
16500000000.0
7500000000.0
10300000000.0
25900000000.0
2600000000.0
4900000000.0
7350000000.0
4000000000.0
5700000000.0
4280000000.0
6500000000.0
8760000000.0
3190000000.0
71000000000.0
5000000000.0
16500000000.0
7500000000.0
2600000000.0
25900000000.0
4900000000.0
10300000000.0
7350000000.0
15500000000.0
4100000000.0
39000000000.0
4300000000.0
1800000000.0
16500000000.0
7500000000.0
4900000000.0
25900000000.0
10300000000.0
2600000000.0
7350000000.0
15500000000.0
4100000000.0
39000000000.0
4300000000.0
1800000000.0
38000000000.0
68000000000.0
4700000000.0
27500000000.0
4300000000.0
3050000000.0
47000000000.0
5650000000.0
1800000000.0
68000000000.0
4700000000.0
27500000000.0
4300000000.0
3050000000.0
47000000000.0
5650000000.0
52000000000.0
6100000000.0
75000000000.0
31000000000.0
59500000000.0
9200000000.0
6900000000.0
4200000000.0
68000000000.0
70000000000.0
4300000000.0
26000000000.0
3050000000.0
47000000000.0
5650000000.0
52000000000.0
6100000000.0
75000000000.0
31000000000.0
59500000000.0
9200000000.0
6900000000.0
4200000000.0
68000000000.0
70000000000.0
4300000000.0
26000000000.0
9200000000.0
25000000000.0
56500000000.0
5500000000.0
36000000000.0
9200000000.0
56500000000.0
25000000000.0
5500000000.0
36000000000.0
8000000000.0
16000000000.0
2850000000.0
4800000000.0
8700000000.0
27000000000.0
6400000000.0
5500000000.0
12300000000.0
8000000000.0
23000000000.0
1700000000.0
6450000000.0
6200000000.0
80000000000.0
70000000000.0
4300000000.0
26000000000.0
9200000000.0
56500000000.0
25000000000.0
5500000000.0
36000000000.0
8000000000.0
2850000000.0
16000000000.0
4800000000.0
8700000000.0
27000000000.0
6400000000.0
12300000000.0
5500000000.0
8000000000.0
23000000000.0
1700000000.0
56500000000.0
5500000000.0
36000000000.0
8000000000.0
2850000000.0
16000000000.0
4800000000.0
8700000000.0
27000000000.0
6400000000.0
5500000000.0
12300000000.0
8000000000.0
23000000000.0
1700000000.0
6450000000.0
6200000000.0
80000000000.0
31500000000.0
10200000000.0
4800000000.0
8700000000.0
27000000000.0
6400000000.0
5500000000.0
12300000000.0
8000000000.0
23000000000.0
1700000000.0
6450000000.0
6200000000.0
80000000000.0
31500000000.0
10200000000.0
4850000000.0
5500000000.0
11750000000.0
8000000000.0
30000000000.0
13000000000.0
5500000000.0
8000000000.0
23000000000.0
1700000000.0
6450000000.0
6200000000.0
80000000000.0
31500000000.0
10200000000.0
4850000000.0
5500000000.0
11750000000.0
8000000000.0
30000000000.0
13000000000.0
4250000000.0
7700000000.0
18000000000.0
18500000000.0
7800000000.0
10200000000.0
4850000000.0
5500000000.0
11750000000.0
8000000000.0
30000000000.0
13000000000.0
4250000000.0
7700000000.0
18000000000.0
18500000000.0
7800000000.0
180000000000.0
34000000000.0
8100000000.0
68000000000.0
11500000000.0
2950000000.0
43700000000.0
31500000000.0
6450000000.0
6200000000.0
80000000000.0
31500000000.0
10200000000.0
4850000000.0
5500000000.0
11750000000.0
8000000000.0
30000000000.0
13000000000.0
4250000000.0
7700000000.0
18000000000.0
18500000000.0
7800000000.0
180000000000.0
34000000000.0
8100000000.0
68000000000.0
23000000000.0
1700000000.0
6450000000.0
6200000000.0
80000000000.0
31500000000.0
10200000000.0
4850000000.0
5500000000.0
11750000000.0
8000000000.0
30000000000.0
13000000000.0
4250000000.0
7700000000.0
18000000000.0
18500000000.0
7800000000.0
180000000000.0
34000000000.0
6450000000.0
6200000000.0
80000000000.0
31500000000.0
10200000000.0
4850000000.0
5500000000.0
11750000000.0
8000000000.0
30000000000.0
13000000000.0
4250000000.0
7700000000.0
18000000000.0
18500000000.0
7800000000.0
180000000000.0
34000000000.0
8100000000.0
68000000000.0
13000000000.0
4250000000.0
7700000000.0
18000000000.0
18500000000.0
7800000000.0
180000000000.0
34000000000.0
8100000000.0
68000000000.0
11500000000.0
2950000000.0
43700000000.0
31500000000.0
8800000000.0
15500000000.0
3900000000.0
14000000000.0
265000000000.0
18500000000.0
7800000000.0
180000000000.0
34000000000.0
8100000000.0
68000000000.0
11500000000.0
43700000000.0
2950000000.0
31500000000.0
8800000000.0
15500000000.0
3900000000.0
14000000000.0
265000000000.0
4200000000.0
6300000000.0
42800000000.0
26000000000.0
8100000000.0
68000000000.0
11500000000.0
2950000000.0
43700000000.0
31500000000.0
8800000000.0
15500000000.0
3900000000.0
14000000000.0
265000000000.0
4200000000.0
6300000000.0
42800000000.0
26000000000.0
7400000000.0
7800000000.0
6350000000.0
3300000000.0
42800000000.0
26000000000.0
7400000000.0
7800000000.0
6350000000.0
3300000000.0
24500000000.0
14000000000.0
2900000000.0
18500000000.0
2350000000.0
6400000000.0
74000000000.0
17000000000.0
65000000000.0
49000000000.0
6500000000.0
24000000000.0
4200000000.0
5500000000.0
7400000000.0
7800000000.0
6350000000.0
3300000000.0
24500000000.0
14000000000.0
2900000000.0
18500000000.0
2350000000.0
6400000000.0
74000000000.0
17000000000.0
65000000000.0
49000000000.0
6500000000.0
24000000000.0
4200000000.0
5500000000.0
25500000000.0
4800000000.0
6400000000.0
74000000000.0
17000000000.0
65000000000.0
49000000000.0
6500000000.0
24000000000.0
4200000000.0
5500000000.0
25500000000.0
4800000000.0
27900000000.0
16500000000.0
6500000000.0
21500000000.0
185000000000.0
5000000000.0
10500000000.0
7400000000.0
12000000000.0
5500000000.0
25500000000.0
4800000000.0
27900000000.0
16500000000.0
6500000000.0
21500000000.0
185000000000.0
5000000000.0
10500000000.0
7400000000.0
12000000000.0
61000000000.0
6400000000.0
7300000000.0
8900000000.0
3100000000.0
11800000000.0
6450000000.0
3109000000.0
6500000000.0
21500000000.0
185000000000.0
5000000000.0
10500000000.0
7400000000.0
12000000000.0
61000000000.0
6400000000.0
7300000000.0
8900000000.0
3100000000.0
11800000000.0
6450000000.0
3109000000.0
14200000000.0
8600000000.0
3700000000.0
7000000000.0
7200000000.0
6400000000.0
7300000000.0
8900000000.0
3100000000.0
11800000000.0
6450000000.0
3109000000.0
14200000000.0
8600000000.0
3700000000.0
7000000000.0
7200000000.0
3200000000.0
59000000000.0
2700000000.0
5850000000.0
8900000000.0
3200000000.0
4150000000.0
4250000000.0
7000000000.0
7200000000.0
3200000000.0
59000000000.0
2700000000.0
5850000000.0
8900000000.0
3200000000.0
4150000000.0
4250000000.0
5350000000.0
26500000000.0
7400000000.0
11000000000.0
26500000000.0
3199000000.0
15500000000.0
6500000000.0
22000000000.0
55000000000.0
7400000000.0
11000000000.0
26500000000.0
15500000000.0
3199000000.0
6500000000.0
22000000000.0
55000000000.0
6000000000.0
9500000000.0
103000000000.0
15500000000.0
21500000000.0
7900000000.0
3400000000.0
6000000000.0
11000000000.0
5500000000.0
6500000000.0
13500000000.0
6000000000.0
9500000000.0
103000000000.0
15500000000.0
21500000000.0
7900000000.0
3400000000.0
6000000000.0
11000000000.0
5500000000.0
6500000000.0
13500000000.0
34500000000.0
8900000000.0
15000000000.0
5700000000.0
7900000000.0
7500000000.0
3190000000.0
5000000000.0
5700000000.0
7900000000.0
7500000000.0
3190000000.0
5000000000.0
8300000000.0
3500000000.0
3500000000.0
5300000000.0
4000000000.0
5400000000.0
18000000000.0
210000000000.0
12300000000.0
4800000000.0
205000000000.0
8500000000.0
7500000000.0
4500000000.0
6000000000.0
5300000000.0
4000000000.0
5400000000.0
18000000000.0
210000000000.0
12300000000.0
4800000000.0
205000000000.0
8500000000.0
7500000000.0
4500000000.0
6000000000.0
6000000000.0
3550000000.0
20500000000.0
13000000000.0
6700000000.0
15500000000.0
5300000000.0
34000000000.0
7500000000.0
6000000000.0
4500000000.0
6000000000.0
3550000000.0
20500000000.0
13000000000.0
6700000000.0
15500000000.0
5300000000.0
34000000000.0
14500000000.0
13400000000.0
3990000000.0
8150000000.0
1450000000.0
172000000000.0
5800000000.0
14885000000.0
3900000000.0
34000000000.0
14500000000.0
13400000000.0
3990000000.0
8150000000.0
1450000000.0
172000000000.0
5800000000.0
14885000000.0
3900000000.0
278000000000.0
5200000000.0
10985000000.0
1600000000.0
3000000000.0
3500000000.0
1760000000.0
21800000000.0
6200000000.0
52500000000.0
1600000000.0
3500000000.0
3000000000.0
1760000000.0
21800000000.0
6200000000.0
52500000000.0
5380000000.0
25900000000.0
3750000000.0
1500000000.0
2280000000.0
85000000000.0
5050000000.0
14000000000.0
3290000000.0
3150000000.0
10600000000.0
3990000000.0
5900000000.0
5050000000.0
14000000000.0
3290000000.0
3150000000.0
10600000000.0
3990000000.0
5900000000.0
4300000000.0
3400000000.0
5050000000.0
309000000000.0
16000000000.0
5100000000.0
4300000000.0
9200000000.0
9500000000.0
6900000000.0
4650000000.0
11000000000.0
3200000000.0
9500000000.0
6900000000.0
4650000000.0
11000000000.0
3200000000.0
22500000000.0
850000000.0
61000000000.0
4700000000.0
7500000000.0
4800000000.0
3900000000.0
14500000000.0
5900000000.0
15500000000.0
106000000000.0
3500000000.0
3100000000.0
4800000000.0
7800000000.0
3900000000.0
14500000000.0
5900000000.0
15500000000.0
106000000000.0
3500000000.0
3100000000.0
4800000000.0
7800000000.0
78000000000.0
4100000000.0
2500000000.0
32000000000.0
77500000000.0
3400000000.0
6550000000.0
16000000000.0
2850000000.0
3200000000.0
8900000000.0
4100000000.0
2500000000.0
32000000000.0
77500000000.0
3400000000.0
6550000000.0
16000000000.0
2850000000.0
3200000000.0
8900000000.0
5360000000.0
4000000000.0
10200000000.0
9800000000.0
2980000000.0
6500000000.0
13500000000.0
2900000000.0
5450000000.0
9500000000.0
9800000000.0
6500000000.0
2980000000.0
13500000000.0
2900000000.0
5450000000.0
9500000000.0
57000000000.0
10960000000.0
4100000000.0
11500000000.0
8800000000.0
6500000000.0
3850000000.0
11000000000.0
1300000000.0
10500000000.0
70000000000.0
17000000000.0
33000000000.0
10960000000.0
4100000000.0
11500000000.0
8800000000.0
6500000000.0
3850000000.0
11000000000.0
1300000000.0
10500000000.0
70000000000.0
17000000000.0
33000000000.0
95000000000.0
33300000000.0
1950000000.0
5000000000.0
105000000000.0
20900000000.0
15500000000.0
14200000000.0
3850000000.0
11000000000.0
1300000000.0
10500000000.0
70000000000.0
17000000000.0
33000000000.0
95000000000.0
33300000000.0
1950000000.0
5000000000.0
105000000000.0
20900000000.0
15500000000.0
14200000000.0
18000000000.0
14350000000.0
17300000000.0
3150000000.0
16900000000.0
95000000000.0
33300000000.0
1950000000.0
5000000000.0
20900000000.0
105000000000.0
15500000000.0
14200000000.0
18000000000.0
14350000000.0
17300000000.0
3150000000.0
16900000000.0
22500000000.0
5180000000.0
21500000000.0
14000000000.0
1850000000.0
5450000000.0
6500000000.0
14200000000.0
18000000000.0
14350000000.0
17300000000.0
3150000000.0
16900000000.0
22500000000.0
5180000000.0
21500000000.0
14000000000.0
1850000000.0
5450000000.0
6500000000.0
39000000000.0
16900000000.0
13500000000.0
8600000000.0
1800000000.0
8500000000.0
3150000000.0
1850000000.0
5450000000.0
6500000000.0
39000000000.0
16900000000.0
13500000000.0
8600000000.0
1800000000.0
8500000000.0
3150000000.0
3099000000.0
16500000000.0
27000000000.0
6600000000.0
6950000000.0
18000000000.0
50000000000.0
6600000000.0
1980000000.0
9500000000.0
16500000000.0
27000000000.0
6600000000.0
6950000000.0
18000000000.0
50000000000.0
6600000000.0
9500000000.0
1980000000.0
8650000000.0
35000000000.0
6200000000.0
53500000000.0
35000000000.0
18000000000.0
8500000000.0
37000000000.0
2500000000.0
6950000000.0
38000000000.0
6600000000.0
1980000000.0
9500000000.0
8650000000.0
6200000000.0
35000000000.0
53500000000.0
35000000000.0
18000000000.0
8500000000.0
37000000000.0
2500000000.0
6950000000.0
38000000000.0
12800000000.0
4300000000.0
2500000000.0
105000000000.0
5200000000.0
51800000000.0
38000000000.0
12800000000.0
4300000000.0
2500000000.0
105000000000.0
5200000000.0
51800000000.0
10800000000.0
37400000000.0
4800000000.0
8900000000.0
21000000000.0
83000000000.0
8000000000.0
3300000000.0
21000000000.0
9650000000.0
42500000000.0
7000000000.0
29900000000.0
2500000000.0
105000000000.0
5200000000.0
51800000000.0
10800000000.0
37400000000.0
4800000000.0
8900000000.0
21000000000.0
83000000000.0
8000000000.0
3300000000.0
21000000000.0
9650000000.0
42500000000.0
7000000000.0
29900000000.0
999000000000.0
11000000000.0
5600000000.0
83000000000.0
8000000000.0
3300000000.0
21000000000.0
9650000000.0
42500000000.0
7000000000.0
29900000000.0
999000000000.0
11000000000.0
5600000000.0
41500000000.0
5500000000.0
30000000000.0
17500000000.0
2300000000.0
19000000000.0
7500000000.0
8400000000.0
47000000000.0
9650000000.0
42500000000.0
7000000000.0
29900000000.0
999000000000.0
5600000000.0
11000000000.0
41500000000.0
5500000000.0
30000000000.0
17500000000.0
2300000000.0
19000000000.0
7500000000.0
47000000000.0
8400000000.0
2250000000.0
35000000000.0
9500000000.0
6900000000.0
10800000000.0
37400000000.0
4800000000.0
8900000000.0
21000000000.0
83000000000.0
8000000000.0
3300000000.0
21000000000.0
9650000000.0
42500000000.0
7000000000.0
29900000000.0
999000000000.0
5600000000.0
11000000000.0
41500000000.0
5500000000.0
30000000000.0
2300000000.0
8000000000.0
3300000000.0
21000000000.0
9650000000.0
42500000000.0
7000000000.0
29900000000.0
999000000000.0
11000000000.0
5600000000.0
41500000000.0
5500000000.0
30000000000.0
2300000000.0
17500000000.0
19000000000.0
7500000000.0
47000000000.0
8400000000.0
2250000000.0
5600000000.0
41500000000.0
5500000000.0
30000000000.0
17500000000.0
2300000000.0
19000000000.0
7500000000.0
8400000000.0
47000000000.0
2250000000.0
35000000000.0
9500000000.0
6900000000.0
2350000000.0
2200000000.0
600000000000.0
16000000000.0
38000000000.0
134000000000.0
2250000000.0
35000000000.0
9500000000.0
6900000000.0
2350000000.0
2200000000.0
38000000000.0
16000000000.0
600000000000.0
134000000000.0
8100000000.0
23000000000.0
7200000000.0
4200000000.0
3400000000.0
2200000000.0
7000000000.0
10500000000.0
17000000000.0
10300000000.0
16000000000.0
38000000000.0
134000000000.0
8100000000.0
7200000000.0
23000000000.0
4200000000.0
3400000000.0
2200000000.0
7000000000.0
10500000000.0
17000000000.0
10300000000.0
6500000000.0
9800000000.0
36500000000.0
8900000000.0
3750000000.0
1450000000.0
13600000000.0
23000000000.0
7200000000.0
4200000000.0
3400000000.0
2200000000.0
7000000000.0
10500000000.0
17000000000.0
10300000000.0
6500000000.0
9800000000.0
36500000000.0
8900000000.0
3750000000.0
1450000000.0
13600000000.0
3300000000.0
3700000000.0
10600000000.0
39500000000.0
7000000000.0
10500000000.0
17000000000.0
10300000000.0
6500000000.0
9800000000.0
36500000000.0
8900000000.0
3750000000.0
1450000000.0
13600000000.0
3300000000.0
3700000000.0
10600000000.0
39500000000.0
30500000000.0
620000000.0
20000000000.0
134000000000.0
9700000000.0
17000000000.0
10300000000.0
6500000000.0
9800000000.0
36500000000.0
8900000000.0
3750000000.0
1450000000.0
13600000000.0
3300000000.0
3700000000.0
10600000000.0
39500000000.0
620000000.0
30500000000.0
20000000000.0
134000000000.0
9700000000.0
35000000000.0
190000000.0
1450000000.0
13600000000.0
3300000000.0
3700000000.0
10600000000.0
39500000000.0
620000000.0
30500000000.0
20000000000.0
134000000000.0
9700000000.0
35000000000.0
190000000.0
5200000000.0
63000000000.0
18000000000.0
3800000000.0
410000000.0
20000000000.0
8900000000.0
36500000000.0
8900000000.0
3750000000.0
1450000000.0
13600000000.0
3300000000.0
3700000000.0
10600000000.0
39500000000.0
620000000.0
30500000000.0
20000000000.0
134000000000.0
9700000000.0
35000000000.0
190000000.0
5200000000.0
63000000000.0
18000000000.0
3800000000.0
10500000000.0
17000000000.0
10300000000.0
6500000000.0
9800000000.0
36500000000.0
8900000000.0
3750000000.0
1450000000.0
13600000000.0
3300000000.0
3700000000.0
10600000000.0
39500000000.0
30500000000.0
620000000.0
20000000000.0
134000000000.0
9700000000.0
35000000000.0
8900000000.0
3750000000.0
1450000000.0
13600000000.0
3300000000.0
3700000000.0
10600000000.0
39500000000.0
30500000000.0
620000000.0
20000000000.0
134000000000.0
9700000000.0
35000000000.0
190000000.0
5200000000.0
63000000000.0
18000000000.0
3800000000.0
410000000.0
8900000000.0
3750000000.0
1450000000.0
13600000000.0
3300000000.0
3700000000.0
10600000000.0
39500000000.0
30500000000.0
620000000.0
20000000000.0
134000000000.0
9700000000.0
35000000000.0
190000000.0
5200000000.0
63000000000.0
18000000000.0
3800000000.0
410000000.0
8900000000.0
3750000000.0
1450000000.0
13600000000.0
3300000000.0
3700000000.0
10600000000.0
39500000000.0
620000000.0
30500000000.0
20000000000.0
134000000000.0
9700000000.0
35000000000.0
190000000.0
5200000000.0
63000000000.0
18000000000.0
3800000000.0
410000000.0
36500000000.0
8900000000.0
3750000000.0
1450000000.0
13600000000.0
3300000000.0
3700000000.0
10600000000.0
39500000000.0
30500000000.0
620000000.0
20000000000.0
134000000000.0
9700000000.0
35000000000.0
190000000.0
5200000000.0
63000000000.0
18000000000.0
3800000000.0
6500000000.0
9800000000.0
36500000000.0
8900000000.0
3750000000.0
1450000000.0
13600000000.0
3300000000.0
3700000000.0
10600000000.0
39500000000.0
620000000.0
30500000000.0
20000000000.0
134000000000.0
9700000000.0
35000000000.0
190000000.0
5200000000.0
63000000000.0
8900000000.0
3750000000.0
1450000000.0
13600000000.0
3300000000.0
3700000000.0
10600000000.0
39500000000.0
30500000000.0
620000000.0
20000000000.0
134000000000.0
9700000000.0
35000000000.0
190000000.0
5200000000.0
63000000000.0
18000000000.0
3800000000.0
410000000.0
3300000000.0
3700000000.0
10600000000.0
39500000000.0
620000000.0
30500000000.0
20000000000.0
134000000000.0
9700000000.0
35000000000.0
190000000.0
5200000000.0
63000000000.0
18000000000.0
3800000000.0
410000000.0
20000000000.0
8900000000.0
290000000000.0
5800000000.0
13600000000.0
3300000000.0
3700000000.0
10600000000.0
39500000000.0
620000000.0
30500000000.0
20000000000.0
134000000000.0
9700000000.0
35000000000.0
190000000.0
5200000000.0
63000000000.0
18000000000.0
3800000000.0
410000000.0
20000000000.0
8900000000.0
290000000000.0
3300000000.0
3700000000.0
10600000000.0
39500000000.0
30500000000.0
620000000.0
20000000000.0
134000000000.0
9700000000.0
35000000000.0
190000000.0
5200000000.0
63000000000.0
18000000000.0
3800000000.0
410000000.0
8900000000.0
20000000000.0
290000000000.0
11980000000.0
3750000000.0
1450000000.0
13600000000.0
3300000000.0
3700000000.0
10600000000.0
39500000000.0
620000000.0
30500000000.0
20000000000.0
134000000000.0
9700000000.0
35000000000.0
190000000.0
5200000000.0
63000000000.0
18000000000.0
3800000000.0
410000000.0
20000000000.0
13600000000.0
3300000000.0
3700000000.0
10600000000.0
39500000000.0
30500000000.0
620000000.0
20000000000.0
134000000000.0
9700000000.0
35000000000.0
190000000.0
5200000000.0
63000000000.0
18000000000.0
3800000000.0
410000000.0
8900000000.0
20000000000.0
290000000000.0
39500000000.0
620000000.0
30500000000.0
20000000000.0
134000000000.0
9700000000.0
35000000000.0
190000000.0
5200000000.0
63000000000.0
18000000000.0
3800000000.0
410000000.0
8900000000.0
20000000000.0
290000000000.0
11980000000.0
5800000000.0
6900000000.0
4500000000.0
3800000000.0
410000000.0
8900000000.0
20000000000.0
290000000000.0
5800000000.0
11980000000.0
6900000000.0
4500000000.0
2000000000.0
51500000000.0
260000000000.0
285000000.0
4900000000.0
7000000000.0
66000000000.0
10300000000.0
1900000000.0
31500000000.0
6000000000.0
5200000000.0
63000000000.0
18000000000.0
3800000000.0
410000000.0
20000000000.0
8900000000.0
290000000000.0
5800000000.0
11980000000.0
6900000000.0
4500000000.0
2000000000.0
51500000000.0
260000000000.0
285000000.0
4900000000.0
7000000000.0
66000000000.0
10300000000.0
5800000000.0
6900000000.0
4500000000.0
2000000000.0
51500000000.0
260000000000.0
285000000.0
4900000000.0
7000000000.0
66000000000.0
10300000000.0
1900000000.0
31500000000.0
6000000000.0
3900000000.0
13900000000.0
16450000000.0
200000000000.0
13500000000.0
165000000000.0
260000000000.0
51500000000.0
285000000.0
4900000000.0
7000000000.0
66000000000.0
10300000000.0
1900000000.0
6000000000.0
31500000000.0
3900000000.0
13900000000.0
16450000000.0
200000000000.0
13500000000.0
165000000000.0
3750000000.0
8000000000.0
6700000000.0
14500000000.0
4500000000.0
2000000000.0
51500000000.0
260000000000.0
285000000.0
4900000000.0
7000000000.0
66000000000.0
10300000000.0
1900000000.0
6000000000.0
31500000000.0
3900000000.0
13900000000.0
16450000000.0
200000000000.0
13500000000.0
165000000000.0
3750000000.0
8000000000.0
285000000.0
4900000000.0
7000000000.0
66000000000.0
10300000000.0
1900000000.0
31500000000.0
6000000000.0
3900000000.0
13900000000.0
16450000000.0
200000000000.0
13500000000.0
165000000000.0
3750000000.0
8000000000.0
6700000000.0
14500000000.0
23900000000.0
3100000000.0
200000000000.0
13500000000.0
165000000000.0
3750000000.0
8000000000.0
6700000000.0
14500000000.0
23900000000.0
3100000000.0
26000000000.0
7000000000.0
68000000000.0
2950000000.0
13000000000.0
1750000000.0
2100000000.0
11500000000.0
4300000000.0
25600000000.0
6000000000.0
3900000000.0
13900000000.0
16450000000.0
200000000000.0
13500000000.0
165000000000.0
3750000000.0
8000000000.0
6700000000.0
14500000000.0
23900000000.0
3100000000.0
26000000000.0
7000000000.0
68000000000.0
2950000000.0
13000000000.0
1750000000.0
2100000000.0
11500000000.0
165000000000.0
3750000000.0
8000000000.0
6700000000.0
14500000000.0
23900000000.0
3100000000.0
26000000000.0
7000000000.0
68000000000.0
2950000000.0
13000000000.0
1750000000.0
2100000000.0
11500000000.0
4300000000.0
25600000000.0
6000000000.0
11900000000.0
4300000000.0
13000000000.0
1750000000.0
2100000000.0
11500000000.0
4300000000.0
25600000000.0
6000000000.0
11900000000.0
4300000000.0
140000000000.0
310000000.0
45000000000.0
4050000000.0
61000000000.0
26500000000.0
10500000000.0
2700000000.0
3185000000.0
9450000000.0
4050000000.0
45000000000.0
4050000000.0
61000000000.0
26500000000.0
10500000000.0
2700000000.0
3185000000.0
9450000000.0
4050000000.0
15000000000.0
4800000000.0
450000000.0
8000000000.0
16500000000.0
5200000000.0
5700000000.0
4850000000.0
4200000000.0
15500000000.0
44800000000.0
4800000000.0
450000000.0
8000000000.0
16500000000.0
5200000000.0
5700000000.0
4850000000.0
4200000000.0
15500000000.0
44800000000.0
3500000000.0
5100000000.0
4800000000.0
21000000000.0
7000000000.0
450000000.0
6300000000.0
2850000000.0
70000000000.0
250000000.0
5700000000.0
4850000000.0
4200000000.0
15500000000.0
44800000000.0
3500000000.0
5100000000.0
4800000000.0
21000000000.0
7000000000.0
450000000.0
6300000000.0
2850000000.0
70000000000.0
250000000.0
4500000000.0
8600000000.0
21500000000.0
5998000000.0
4650000000.0
21000000000.0
7000000000.0
450000000.0
6300000000.0
2850000000.0
70000000000.0
250000000.0
4500000000.0
8600000000.0
21500000000.0
5998000000.0
4650000000.0
20000000000.0
4500000000.0
3000000000.0
68000000000.0
4700000000.0
5900000000.0
3050000000.0
7000000000.0
21500000000.0
5998000000.0
4650000000.0
20000000000.0
4500000000.0
3000000000.0
68000000000.0
4700000000.0
5900000000.0
3050000000.0
7000000000.0
1800000000.0
6150000000.0
23500000000.0
2500000000.0
4720000000.0
6800000000.0
29000000000.0
5900000000.0
17800000000.0
4650000000.0
20000000000.0
4500000000.0
3000000000.0
68000000000.0
4700000000.0
5900000000.0
3050000000.0
7000000000.0
1800000000.0
6150000000.0
23500000000.0
2500000000.0
4720000000.0
6800000000.0
29000000000.0
5900000000.0
17800000000.0
5050000000.0
13500000000.0
68000000000.0
4700000000.0
5900000000.0
3050000000.0
7000000000.0
1800000000.0
6150000000.0
23500000000.0
2500000000.0
4720000000.0
6800000000.0
29000000000.0
5900000000.0
17800000000.0
5050000000.0
13500000000.0
4400000000.0
7000000000.0
2100000000.0
8390000000.0
3000000000.0
68000000000.0
4700000000.0
5900000000.0
3050000000.0
7000000000.0
1800000000.0
6150000000.0
23500000000.0
2500000000.0
4720000000.0
6800000000.0
29000000000.0
5900000000.0
17800000000.0
5050000000.0
13500000000.0
4400000000.0
7000000000.0
2100000000.0
4700000000.0
5900000000.0
3050000000.0
7000000000.0
1800000000.0
6150000000.0
23500000000.0
2500000000.0
4720000000.0
6800000000.0
29000000000.0
5900000000.0
17800000000.0
5050000000.0
13500000000.0
4400000000.0
7000000000.0
2100000000.0
8390000000.0
3300000000.0
1800000000.0
6150000000.0
23500000000.0
2500000000.0
4720000000.0
6800000000.0
29000000000.0
5900000000.0
17800000000.0
5050000000.0
13500000000.0
4400000000.0
7000000000.0
2100000000.0
8390000000.0
3300000000.0
6000000000.0
11200000000.0
5050000000.0
1860000000.0
17800000000.0
5050000000.0
13500000000.0
4400000000.0
7000000000.0
2100000000.0
8390000000.0
3300000000.0
6000000000.0
11200000000.0
5050000000.0
1860000000.0
16800000000.0
5400000000.0
9200000000.0
1720000000.0
3080000000.0
29000000000.0
5800000000.0
1836000000.0
5050000000.0
1860000000.0
16800000000.0
5400000000.0
9200000000.0
1720000000.0
3080000000.0
29000000000.0
5800000000.0
1836000000.0
6700000000.0
10500000000.0
7800000000.0
6600000000.0
6000000000.0
3600000000.0
52000000000.0
6800000000.0
14000000000.0
6900000000.0
29000000000.0
5800000000.0
1836000000.0
6700000000.0
10500000000.0
7800000000.0
6600000000.0
6000000000.0
3600000000.0
52000000000.0
6800000000.0
6900000000.0
14000000000.0
4950000000.0
6600000000.0
52500000000.0
7800000000.0
265000000000.0
2100000000.0
7500000000.0
7800000000.0
7500000000.0
2100000000.0
135000000000.0
14500000000.0
7500000000.0
10000000000.0
56000000000.0
40400000000.0
18300000000.0
3800000000.0
6800000000.0
20000000000.0
13200000000.0
3900000000.0
17000000000.0
16500000000.0
52500000000.0
2900000000.0
36000000000.0
3800000000.0
6800000000.0
20000000000.0
13200000000.0
3900000000.0
17000000000.0
16500000000.0
52500000000.0
36000000000.0
2900000000.0
9880000000.0
5800000000.0
4500000000.0
66000000000.0
6500000000.0
7000000000.0
150000000000.0
39000000000.0
8800000000.0
710000000000.0
3900000000.0
17000000000.0
16500000000.0
52500000000.0
36000000000.0
2900000000.0
9880000000.0
5800000000.0
4500000000.0
66000000000.0
6500000000.0
7000000000.0
150000000000.0
39000000000.0
8800000000.0
710000000000.0
39000000000.0
3800000000.0
15500000000.0
78000000000.0
7000000000.0
150000000000.0
39000000000.0
8800000000.0
710000000000.0
39000000000.0
3800000000.0
15500000000.0
78000000000.0
69700000000.0
1550000000.0
11500000000.0
10200000000.0
70000000000.0
16500000000.0
20300000000.0
6990000000.0
12500000000.0
4380000000.0
52500000000.0
70000000000.0
16500000000.0
20300000000.0
6990000000.0
12500000000.0
4380000000.0
52500000000.0
3700000000.0
8800000000.0
10500000000.0
5600000000.0
4290000000.0
450000000000.0
3780000000.0
6500000000.0
6500000000.0
4200000000.0
4350000000.0
225000000000.0
4350000000.0
450000000000.0
3780000000.0
6500000000.0
6500000000.0
4200000000.0
4350000000.0
225000000000.0
4350000000.0
5200000000.0
6800000000.0
22500000000.0
15000000000.0
4900000000.0
4030000000.0
24400000000.0
10450000000.0
2950000000.0
8450000000.0
2700000000.0
2650000000.0
10450000000.0
2950000000.0
8450000000.0
2700000000.0
2650000000.0
3150000000.0
47500000000.0
18500000000.0
3980000000.0
8000000000.0
5050000000.0
4300000000.0
39000000000.0
2800000000.0
5890000000.0
130000000000.0
31500000000.0
15500000000.0
4400000000.0
68000000000.0
31500000000.0
15500000000.0
4400000000.0
68000000000.0
8400000000.0
3700000000.0
80000000000.0
61000000000.0
8300000000.0
8600000000.0
7500000000.0
10300000000.0
40000000000.0
23000000000.0
54500000000.0
5700000000.0
8300000000.0
55800000000.0
6800000000.0
23000000000.0
54500000000.0
5700000000.0
55800000000.0
8300000000.0
6800000000.0
18900000000.0
6200000000.0
67800000000.0
10500000000.0
15200000000.0
8700000000.0
2350000000.0
110000000000.0
8800000000.0
28800000000.0
2100000000.0
8500000000.0
22000000000.0
14500000000.0
8700000000.0
2350000000.0
110000000000.0
8800000000.0
28800000000.0
2100000000.0
8500000000.0
22000000000.0
14500000000.0
1750000000.0
17500000000.0
22000000000.0
3300000000.0
14900000000.0
18200000000.0
2500000000.0
2300000000.0
20500000000.0
15500000000.0
23000000000.0
2500000000.0
20500000000.0
15500000000.0
23000000000.0
4050000000.0
2200000000.0
5000000000.0
25000000000.0
6200000000.0
1250000000.0
1800000000.0
3100000000.0
36500000000.0
1260000000.0
9500000000.0
32000000000.0
12500000000.0
18800000000.0
16000000000.0
16800000000.0
1800000000.0
3100000000.0
36500000000.0
1260000000.0
32000000000.0
9500000000.0
12500000000.0
18800000000.0
16000000000.0
16800000000.0
11500000000.0
10500000000.0
77600000000.0
2100000000.0
28000000000.0
26900000000.0
6290000000.0
1790000000.0
19800000000.0
7690000000.0
77600000000.0
2100000000.0
28000000000.0
26900000000.0
6290000000.0
1790000000.0
7690000000.0
19800000000.0
1880000000.0
31800000000.0
7300000000.0
7800000000.0
7500000000.0
17900000000.0
1800000000.0
15800000000.0
8600000000.0
2400000000.0
11800000000.0
4300000000.0
7690000000.0
19800000000.0
1880000000.0
31800000000.0
7300000000.0
7800000000.0
7500000000.0
17900000000.0
1800000000.0
15800000000.0
8600000000.0
2400000000.0
11800000000.0
4300000000.0
6500000000.0
9500000000.0
12500000000.0
17200000000.0
15800000000.0
3500000000.0
8600000000.0
2400000000.0
11800000000.0
4300000000.0
6500000000.0
9500000000.0
12500000000.0
17200000000.0
15800000000.0
3500000000.0
5800000000.0
3390000000.0
31000000000.0
22500000000.0
25000000000.0
13800000000.0
10000000000.0
3200000000.0
4280000000.0
15800000000.0
17200000000.0
15800000000.0
3500000000.0
5800000000.0
3390000000.0
31000000000.0
22500000000.0
25000000000.0
13800000000.0
10000000000.0
3200000000.0
4280000000.0
15800000000.0
20800000000.0
72500000000.0
30000000000.0
2350000000.0
6600000000.0
16200000000.0
8200000000.0
6600000000.0
16200000000.0
8200000000.0
12000000000.0
23900000000.0
4200000000.0
3000000000.0
5900000000.0
6100000000.0
4600000000.0
6590000000.0
4200000000.0
25500000000.0
3800000000.0
30000000000.0
36800000000.0
13000000000.0
56500000000.0
5250000000.0
37500000000.0
25500000000.0
3800000000.0
30000000000.0
36800000000.0
13000000000.0
56500000000.0
5250000000.0
37500000000.0
40900000000.0
2900000000.0
3820000000.0
7900000000.0
5150000000.0
2000000000.0
6900000000.0
5180000000.0
17200000000.0
4400000000.0
3850000000.0
32000000000.0
40900000000.0
2900000000.0
3820000000.0
7900000000.0
5150000000.0
2000000000.0
6900000000.0
5180000000.0
17200000000.0
4400000000.0
3850000000.0
43000000000.0
32000000000.0
4600000000.0
5700000000.0
139000000000.0
23500000000.0
16300000000.0
4350000000.0
51000000000.0
4400000000.0
3850000000.0
43000000000.0
32000000000.0
5700000000.0
4600000000.0
139000000000.0
23500000000.0
16300000000.0
4350000000.0
51000000000.0
6500000000.0
1600000000.0
16000000000.0
74000000000.0
1100000000.0
4550000000.0
12685000000.0
6700000000.0
20200000000.0
23500000000.0
22300000000.0
3102000000.0
6400000000.0
7400000000.0
10300000000.0
7800000000.0
24180000000.0
13900000000.0
775000000000.0
19500000000.0
