3500611
4659719
4813510
4822936
4659316
4771230
4666596
4695420
4789646
4833178
4823581
4310935
4781419
4862134
4647120
4614932
4725990
4717765
4479473
4812506
4718127
4469916
4695420
4717765
4647120
4823581
4822936
3500611
4862134
4813510
4659719
4666596
4725990
4812506
4781419
4833178
4771230
4659316
4789646
4614932
4823581
4822936
3500611
4862134
4813510
4659719
4666596
4725990
4812506
4781419
4833178
4771230
4659316
4789646
4614932
4479473
4756610
4310935
4842448
4861152
4812506
4781419
4833178
4771230
4659316
4789646
4614932
4479473
4756610
4310935
4842448
4861152
4444025
4555781
3936104
4868486
4749651
4788045
4837010
4838136
4647120
4717765
4823581
4822936
3500611
4862134
4813510
4659719
4666596
4725990
4812506
4781419
4833178
4771230
4659316
4789646
4614932
4479473
4310935
4756610
4763626
4524254
4288071
4718127
4469916
4695420
4717765
4647120
4823581
4822936
3500611
4862134
4813510
4659719
4666596
4725990
4812506
4781419
4833178
4771230
4718127
4469916
4695420
4717765
4647120
4823581
4822936
3500611
4862134
4813510
4659719
4666596
4725990
4812506
4781419
4833178
4771230
4659316
4789646
4614932
4469916
4695420
4717765
4647120
4823581
4822936
3500611
4862134
4813510
4659719
4666596
4725990
4812506
4781419
4833178
4771230
4659316
4789646
4614932
4479473
4659719
4666596
4725990
4812506
4781419
4833178
4771230
4659316
4789646
4614932
4479473
4756610
4310935
4842448
4861152
4444025
4555781
3936104
4749651
4868486
4695420
4717765
4647120
4823581
4822936
3500611
4862134
4813510
4659719
4666596
4725990
4812506
4781419
4833178
4771230
4659316
4789646
4614932
4479473
4756610
4769651
4058576
4763626
4524254
4288071
4718127
4469916
4695420
4647120
4717765
4823581
4822936
3500611
4862134
4813510
4659719
4666596
4725990
4812506
4781419
4556672
4769651
4058576
4524254
4763626
4288071
4718127
4469916
4695420
4717765
4647120
4823581
4822936
3500611
4862134
4813510
4659719
4666596
4725990
4812506
4556672
4769651
4058576
4524254
4763626
4288071
4718127
4469916
4695420
4717765
4647120
4823581
4822936
3500611
4862134
4813510
4659719
4666596
4725990
4812506
4432524
4421816
4680887
4556672
4769651
4058576
4763626
4524254
4288071
4718127
4469916
4695420
4647120
4717765
4823581
4822936
3500611
4862134
4813510
4659719
4789723
4629155
4432524
4680887
4421816
4556672
4769651
4058576
4524254
4763626
4288071
4718127
4469916
4695420
4717765
4647120
4823581
4822936
3500611
4862134
4432524
4421816
4680887
4556672
4769651
4058576
4763626
4524254
4288071
4718127
4469916
4695420
4717765
4647120
4823581
4822936
3500611
4862134
4813510
4659719
4252814
4507861
4821691
4486713
4789723
4629155
4432524
4680887
4421816
4556672
4769651
4058576
4524254
4763626
4288071
4718127
4469916
4695420
4717765
4647120
4432524
4421816
4680887
4556672
4769651
4058576
4763626
4524254
4288071
4718127
4469916
4695420
4717765
4647120
4823581
4822936
3500611
4862134
4813510
4659719
4789723
4629155
4432524
4421816
4680887
4556672
4769651
4058576
4524254
4763626
4288071
4718127
4469916
4695420
4717765
4647120
4823581
4822936
3500611
4862134
4421816
4680887
4556672
4769651
4058576
4524254
4763626
4288071
4718127
4469916
4695420
4647120
4717765
4823581
4822936
3500611
4862134
4813510
4659719
4666596
4556672
4769651
4058576
4524254
4763626
4288071
4718127
4469916
4695420
4647120
4717765
4823581
4822936
3500611
4862134
4813510
4659719
4666596
4725990
4812506
4288071
4718127
4469916
4695420
4717765
4647120
4823581
4822936
3500611
4862134
4813510
4659719
4666596
4725990
4812506
4781419
4833178
4771230
4659316
4789646
4666596
4725990
4812506
4781419
4833178
4771230
4659316
4789646
4614932
4479473
4310935
4756610
4842448
4861152
4444025
4555781
3936104
4868486
4749651
4788045
4771230
4659316
4789646
4614932
4479473
4756610
4310935
4842448
4861152
4444025
4555781
3936104
4749651
4868486
4788045
4837010
4838136
4814655
4769589
4842417
4749651
4788045
4837010
4838136
4842417
4814655
4769589
4747169
4837725
4626105
4320413
4769737
4468851
4729953
4451538
4685484
4836828
4715813
4538698
4827476
4837725
4320413
4769737
4468851
4729953
4451538
4685484
4836828
4715813
4538698
4827476
4476401
4839177
4656902
4808302
4219370
4804325
4847368
4748905
4777743
4827476
4476401
4839177
4656902
4219370
4804325
4808302
4847368
4748905
4777743
4182942
4318830
4222633
4779070
4856164
4806309
4748940
4833078
4674274
4764793
4856164
4806309
4748940
4833078
4674274
4764793
4860018
4848732
4377882
4863353
4267145
4857377
4846002
4788625
4557274
4842672
4273796
4456000
4853170
4836335
4842672
4273796
4456000
4853170
4836335
4695549
4865723
4806536
4161140
4530642
4843456
4773340
4854749
4834512
4839938
4856683
4838819
3340290
4701226
4833876
4764793
4860018
4848732
4377882
4863353
4267145
4857377
4846002
4788625
4557274
4842672
4273796
4456000
4853170
4836335
4695549
4865723
4806536
4161140
4530642
4842672
4273796
4456000
4853170
4695549
4836335
4865723
4806536
4161140
4530642
4843456
4773340
4854749
4834512
4839938
4856683
4838819
3340290
4701226
4833876
4806536
4161140
4530642
4843456
4773340
4854749
4834512
4839938
4856683
4838819
3340290
4701226
4833876
4557252
4767082
4871120
4860060
4689321
4829303
4800299
4856683
4838819
3340290
4701226
4833876
4557252
4767082
4871120
4860060
4689321
4829303
4800299
4702161
4860069
4645610
4871135
4839984
4810356
4860407
4781885
4800299
4860069
4702161
4645610
4871135
4839984
4810356
4860407
4781885
4468861
4841381
4837360
4783177
4860494
4734032
4643788
4861597
4448214
4434015
4662636
4860494
4734032
4643788
4861597
4448214
4434015
4662636
2603601
4773039
3379107
4421019
4511710
4779274
4742601
4268873
2517848
4816028
2652651
4866225
4836002
4511710
4779274
4742601
4268873
2517848
4816028
2652651
4866225
4836002
4812199
4528128
3431393
4087132
2664528
4797959
3522291
4258410
4838829
4848349
2189293
4816028
4866225
2652651
4836002
4812199
4528128
3431393
4087132
2664528
4797959
3522291
4258410
4838829
4848349
2189293
4860076
4682840
4555816
4758246
3947687
4812199
4528128
3431393
4087132
2664528
4797959
3522291
4258410
4838829
4848349
2189293
4860076
4555816
4682840
4758246
3947687
4845577
4825020
4860290
3004646
3431393
4087132
2664528
4797959
3522291
4258410
4838829
4848349
2189293
4860076
4682840
4555816
4758246
3947687
4845577
4825020
4860290
3004646
4291468
4245678
4860076
4682840
4555816
4758246
3947687
4845577
4825020
4860290
3004646
4291468
4245678
4865881
4747047
4857737
4693226
4859562
4777596
4803399
4612061
4863022
3004646
4245678
4291468
4865881
4747047
4857737
4693226
4859562
4777596
4803399
4612061
4863022
4870513
4845582
2315068
4149979
4788353
3455400
4852695
4782160
4860290
3004646
4291468
4245678
4865881
4747047
4857737
4693226
4859562
4777596
4803399
4612061
4863022
4870513
4845582
2315068
4149979
4788353
3455400
4852695
4865881
4747047
4857737
4693226
4859562
4777596
4803399
4612061
4863022
4870513
4845582
2315068
4149979
4788353
3455400
4852695
4782160
4867661
4588416
4122962
4863022
4870513
4845582
2315068
4149979
4788353
3455400
4852695
4782160
4867661
4588416
4122962
3090408
4619758
4846887
3296733
4297202
4852701
2257357
3072681
4845582
2315068
4149979
4788353
3455400
4852695
4782160
4867661
4588416
4122962
4619758
3090408
4846887
3296733
4297202
4852701
2257357
4863649
3072681
4012707
4149979
4788353
3455400
4852695
4782160
4867661
4588416
4122962
3090408
4619758
4846887
3296733
4297202
4852701
2257357
4863649
3072681
4012707
4723922
4061227
4777596
4803399
4612061
4863022
4870513
4845582
2315068
4149979
4788353
3455400
4852695
4782160
4867661
4588416
4122962
4619758
3090408
4846887
3296733
4297202
4845582
2315068
4149979
4788353
3455400
4852695
4782160
4867661
4588416
4122962
3090408
4619758
4846887
3296733
4852701
4297202
2257357
4863649
3072681
4012707
4863022
4870513
4845582
2315068
4149979
4788353
3455400
4852695
4782160
4867661
4588416
4122962
4619758
3090408
4846887
3296733
4297202
4852701
2257357
4863649
4870513
4845582
2315068
4149979
4788353
3455400
4852695
4782160
4867661
4588416
4122962
4619758
3090408
4846887
3296733
4852701
4297202
2257357
3072681
4863649
4845582
2315068
4149979
4788353
3455400
4852695
4782160
4867661
4588416
4122962
4619758
3090408
4846887
3296733
4852701
4297202
2257357
3072681
4863649
4012707
4852695
4782160
4867661
4588416
4122962
3090408
4619758
4846887
3296733
4297202
4852701
2257357
3072681
4863649
4012707
4723922
4061227
4797933
4870837
4291795
4846887
3296733
4297202
4852701
2257357
3072681
4863649
4012707
4723922
4061227
4797933
4870837
4291795
4770893
4849135
4810776
4623886
4021188
2158705
4576689
4297202
4852701
2257357
4863649
3072681
4012707
4723922
4061227
4797933
4870837
4291795
4770893
4849135
4810776
4623886
4021188
2158705
4576689
2499963
4858958
4797933
4870837
4291795
4770893
4849135
4810776
4623886
4021188
2158705
4576689
2499963
4858958
2741661
4412388
4128202
3393641
4828000
4456086
4513072
4108091
4021188
2158705
4576689
2499963
4858958
2741661
4412388
4128202
3393641
4828000
4456086
4513072
4108091
4421675
4497839
4434023
4851842
4549647
4276355
4675976
3393641
4828000
4456086
4513072
4108091
4421675
4497839
4434023
4851842
4549647
4276355
4675976
4783446
4336697
4773222
4422851
4822514
4468860
4726009
4730524
4783446
4336697
4773222
4422851
4822514
4468860
4726009
4730524
2526729
3428278
4748944
4735784
4783171
3302760
4845199
4795947
3920725
2664474
4594910
4617158
4748944
4735784
4783171
3302760
4845199
4795947
3920725
2664474
4594910
4617158
4757256
3771975
3924522
4699508
4841081
4552219
4338632
3443164
4772780
4420209
4845199
4795947
3920725
2664474
4594910
4617158
4757256
3771975
3924522
4699508
4841081
4552219
4338632
3443164
4772780
4420209
4871213
2606362
4557617
4691582
4594910
4757256
4617158
3771975
3924522
4699508
4841081
4552219
4338632
3443164
4772780
4420209
4871213
2606362
4557617
4691582
4038751
4793828
4557322
4041457
4841081
4552219
4338632
3443164
4772780
4420209
4871213
2606362
4557617
4691582
4038751
4793828
4557322
4041457
4341582
4603476
4772510
3506157
4421214
4399521
4557617
4691582
4038751
4793828
4557322
4041457
4341582
4603476
4772510
3506157
4421214
4399521
4746129
4346757
4747188
4699440
4825434
4794593
4267308
4759225
3506157
4421214
4399521
4746129
4346757
4699440
4747188
4825434
4794593
4759225
4267308
4859970
4755258
4865266
4764933
4859948
4772622
4831236
4843764
4848322
4759225
4267308
4859970
4755258
4865266
4764933
4859948
4772622
4831236
4843764
4848322
4378138
4494942
4847555
4837941
2858885
4853083
4284653
4734793
4785987
4843764
4848322
4378138
4494942
4847555
4837941
2858885
4853083
4284653
4734793
4785987
4612905
4568398
3351784
4421216
4723968
4712601
2576354
4810251
4606030
4568398
3351784
4421216
4723968
4712601
2576354
4810251
4606030
3552674
4830559
4844118
4848777
4155742
4830763
2211417
4830188
4543129
4793832
4820647
4577409
4830559
4844118
4848777
4155742
4830763
2211417
4830188
4543129
4793832
4820647
4577409
4669875
4831930
4853006
4753324
4825600
4740795
4858662
4778548
4422853
4853006
4753324
4825600
4740795
4858662
4778548
4422853
4783928
4870949
4573864
4434040
4447111
4799794
4824195
4750408
4564363
4743700
4589411
4548859
4727878
4783928
4870949
4573864
4434040
4447111
4799794
4824195
4750408
4564363
4743700
4589411
4548859
4727878
4752107
4691470
4598576
4813297
4784224
4834470
4718124
4573864
4447111
4434040
4799794
4824195
4750408
4564363
4743700
4589411
4548859
4727878
4752107
4691470
4598576
4813297
4784224
4834470
4718124
3805645
4740729
4752107
4691470
4598576
4813297
4784224
4834470
4718124
3805645
4740729
4736150
3437280
4624857
4104932
4768936
4748059
4415411
4742174
4706457
4180057
4859810
4691470
4598576
4813297
4784224
4834470
4718124
3805645
4740729
4736150
4624857
3437280
4104932
4768936
4748059
4415411
4742174
4180057
4706457
4859810
4619251
4104932
4768936
4748059
4415411
4742174
4706457
4180057
4859810
4619251
4423591
2539718
4721100
4296452
4064989
4422088
4727596
4744861
4720651
4728970
4729013
4706457
4180057
4859810
4619251
4423591
2539718
4721100
4296452
4064989
4422088
4727596
4744861
4720651
4728970
4729013
4836940
3505754
4726746
2378994
4298999
4422088
4727596
4744861
4720651
4728970
4729013
4836940
3505754
4726746
2378994
4298999
2924878
4676749
4713542
4593405
4835147
4848015
2199914
4584856
4622130
4593405
4835147
4848015
2199914
4584856
4622130
4711967
3625804
4842807
4591191
4447113
3760505
4715336
4411937
4486180
4835967
2708790
2555060
2679572
4712096
4447113
4715336
4411937
4486180
4835967
2708790
2555060
2679572
4712096
4610266
3671272
4711807
4207488
2640957
4712075
4753034
4764697
4601226
4704459
4844872
4712096
4610266
3671272
4711807
4207488
2640957
4712075
4753034
4764697
4601226
4704459
4844872
4594729
4706088
3716312
3683812
3063591
4401379
4867295
4860077
4844872
4594729
4706088
3716312
3683812
3063591
4401379
4867295
4860077
3238356
4394139
4706892
4722073
4222670
4869214
4729411
4657754
3281196
4865462
4866978
4657754
3281196
4865462
4866978
4171121
4065021
4657721
2811571
4334685
4861301
4619771
4729443
4732047
4340407
2257362
3677688
2882837
4818739
4604583
3716320
4619771
4729443
4732047
4340407
2257362
3677688
2882837
4604583
4818739
3716320
4863345
2348491
3501637
4428407
4861385
4860172
4793805
2202706
4540491
4617155
2202706
4540491
4617155
4749014
4152182
4725154
4763946
4804898
4857148
2151997
4831879
4348922
4581742
4847914
3574474
4858819
4754299
4770861
4855160
3846892
4847914
3574474
4754299
4858819
4770861
4855160
3846892
4760205
4852913
4848129
4849338
4730505
3591119
3890882
4785338
2527970
4863137
3884695
4600152
4413626
3591119
3890882
4785338
2527970
4863137
3884695
4600152
4413626
4844897
3909021
4183100
4575125
4839054
4836209
4653220
4750548
4488627
4422857
4208903
4466217
4750548
4488627
4422857
4208903
4466217
4834903
4721200
4201183
2590963
4835263
4776937
4800097
4712551
4829464
4676546
3369452
2835586
4775410
4836062
4631060
4676546
3369452
4829464
2835586
4775410
4836062
4500172
4746958
4631060
4461378
4791589
4831244
2936081
3168804
4789221
4832873
4434028
2467157
4871212
4794594
4832873
4434028
2467157
4871212
4794594
4796000
4836802
4808309
4766859
4839987
4734945
4833148
3648996
4841898
2590333
3924272
3208030
4742881
4612692
4444112
4833148
3648996
4841898
2590333
3924272
3208030
4742881
4612692
4495281
4444112
4794922
4802771
4646785
4204515
3632446
4827032
4230083
4245808
4474231
4414365
4646785
4204515
3632446
4827032
4230083
4245808
4474231
4414365
4729368
3430758
4829089
2161414
4227778
4827488
4214403
4154722
4586438
4839812
4764924
4827677
4227778
4827488
4214403
4154722
4586438
4839812
4764924
4827677
4587364
4816906
4779347
3598177
4313854
4818386
4822575
2589288
4816063
4829308
4262017
4871211
4822575
2589288
4816063
4829308
4262017
4871211
4728014
4815017
4738368
2184419
4818778
4430008
4800690
4781811
4848031
4497439
2689483
4755107
4630551
4720673
4818778
4430008
4800690
4781811
4848031
4497439
2689483
4755107
4630551
4720673
4863978
4252629
4437691
4736988
4767205
4820515
4760220
4285575
4694371
4768840
4497439
2689483
4755107
4630551
4720673
4863978
4252629
4437691
4736988
4767205
4760220
4820515
4285575
4694371
4768840
4849209
4813960
4855570
4298188
4295475
4694371
4768840
4813960
4849209
4855570
4298188
4295475
4859667
4845285
4714224
4836212
4849380
4814508
4807993
4810482
4811903
4635454
4833328
4812563
4716302
4859667
4845285
4714224
4836212
4849380
4814508
4807993
4810482
4811903
4635454
4833328
4812563
4716302
4863079
4742594
4806067
4442810
4711980
4831865
4454261
4716302
4863079
4742594
4806067
4442810
4711980
4831865
4454261
4740223
4813423
3204841
4832952
4828508
4833360
4318142
4807705
4738264
4043938
4795897
4806194
4832952
4828508
4833360
4318142
4807705
4738264
4043938
4795897
4806194
4331328
3493779
4648087
4540739
2551746
4726243
4860023
4463854
3545121
4705969
4807899
4738264
4043938
4795897
4806194
4331328
3493779
4648087
4540739
2551746
4726243
4860023
4463854
3545121
4705969
4807899
4829315
4647077
4126385
3801950
4801354
4043938
4806194
4795897
4331328
3493779
4648087
4540739
2551746
4726243
4860023
4463854
3545121
4705969
4807899
4829315
4647077
4126385
3801950
4801354
4810054
4463854
3545121
4705969
4807899
4829315
4647077
4126385
3801950
4801354
4810054
4742887
4418886
4797475
4195862
4724380
3198695
4799795
4719925
4739562
4434002
4742887
4418886
4797475
4195862
4724380
4799795
3198695
4719925
4739562
4434002
4305050
4752109
4756655
4823377
4723361
4752115
3364645
4804332
4474492
4735579
4739562
4434002
4305050
4752109
4756655
4823377
4723361
4752115
3364645
4804332
4474492
4735579
4793556
4836921
4865993
4788966
4802456
4829854
4021243
4548737
4788966
4021243
4802456
4829854
4548737
4772600
4871210
4680224
4731666
4777665
4789228
4635826
4563472
4624856
4288584
4806211
4825581
4741265
3661495
4791325
4635826
4563472
4624856
4288584
4806211
4825581
4741265
3661495
4791325
4757889
4299194
4785089
4750719
4788319
4441813
4817133
4682947
4764916
4662285
4842326
4682947
4764916
4662285
4842326
4844950
4785194
4766474
4871209
4544043
4674041
4768424
4806035
4770856
4767672
4778407
4776148
4464498
4735054
4812989
4804462
4806035
4770856
4767672
4776148
4778407
4464498
4735054
4812989
4804462
4421021
4866189
4718423
4770573
3960342
4657339
4735150
4768206
4705243
4835992
3637805
4812989
4804462
4421021
4866189
4718423
4770573
3960342
4657339
4735150
4768206
4705243
4835992
3637805
4781394
4771082
4039196
4418860
4780468
4447732
4833363
4418860
4780468
4447732
4833363
4772896
4835977
4777505
3027733
4461704
2564338
4812432
4286446
4773246
4777398
4816798
2777272
3926031
4744085
4624552
4777398
4816798
2777272
3926031
4744085
4624552
4777732
3672165
4779490
3350110
4701014
4758370
3898899
4747523
4757937
4716881
4751731
3540977
4779490
3350110
4701014
4758370
4747523
3898899
4757937
4716881
4751731
3540977
4760230
4718132
4714219
4718156
4235623
4814831
4651758
4777595
4640608
4813797
4235623
4814831
4651758
4777595
4640608
4813797
4318400
4760545
4753738
4477019
4764064
4668228
4523198
4829307
4828071
4762240
4842945
4718102
4575019
4523198
4829307
4828071
4762240
4842945
4718102
4575019
4481912
4680228
4650272
4763491
4657293
4721810
4704650
4771231
4763688
4729209
4637169
4829301
4637166
4575019
4481912
4680228
4657293
4721810
4763491
4650272
4704650
4771231
4763688
4729209
4637169
4829301
4637166
4764628
4793250
4783077
4749509
4562728
4756660
4637169
4829301
4637166
4764628
4793250
4783077
4749509
4756660
4562728
4754815
4793403
4783325
4724100
4756291
4456002
4787267
4751864
4421213
4800209
4354988
4562728
4754815
4793403
4783325
4756291
4724100
4456002
4787267
4751864
4421213
4800209
4354988
3864611
4343581
4753013
2951240
3218621
4786111
4840403
4857027
4787267
4751864
4421213
4800209
4354988
3864611
4343581
2951240
4753013
3218621
4786111
4840403
4857027
4839226
4753296
4871208
3694189
4754470
3798354
4855500
4751864
4421213
4800209
4354988
3864611
4343581
4753013
2951240
4786111
3218621
4840403
4857027
4839226
4753296
4871208
3694189
4754470
3798354
4855500
4679805
4421213
4800209
4354988
3864611
4343581
2951240
4753013
4786111
3218621
4840403
4857027
4839226
4753296
4871208
3694189
4754470
3798354
4855500
4679805
4696290
4840403
4857027
4839226
4753296
4871208
3694189
4754470
3798354
4855500
4679805
4696290
4726096
4761655
4488848
4741216
4794000
4486880
4506644
4742718
4291741
4840403
4857027
4839226
4753296
4871208
3694189
4754470
3798354
4855500
4679805
4696290
4726096
4761655
4488848
4741216
4794000
4486880
4506644
4742718
4291741
4754470
3798354
4855500
4679805
4696290
4726096
4761655
4488848
4741216
4794000
4486880
4506644
4742718
4291741
4363574
4761082
3694692
4789575
4745070
4853406
4761655
4488848
4741216
4794000
4486880
4506644
4742718
4291741
4363574
4761082
3694692
4789575
4853406
4745070
4761664
4743181
3850874
4756343
4857654
4791815
4488848
4741216
4794000
4486880
4506644
4742718
4291741
4363574
4761082
3694692
4789575
4853406
4745070
4761664
4743181
3850874
4756343
4857654
4791815
4657688
4743181
3850874
4756343
4857654
4791815
4657688
4793789
4746873
4870749
2824062
4744680
4775377
4490003
4663724
4760208
4747102
4785490
4862800
4802948
4712542
4744680
4775377
4663724
4490003
4760208
4747102
4785490
4862800
4802948
4712542
4633694
4584788
4748798
4528439
4570302
4749232
4750862
4605810
4641968
4733356
4862800
4802948
4712542
4633694
4584788
4748798
4528439
4570302
4749232
4750862
4605810
4641968
4733356
4687725
4738890
4749500
4776581
4831788
4764350
4853063
4802948
4712542
4633694
4584788
4748798
4528439
4570302
4749232
4750862
4605810
4641968
4733356
4687725
4738890
4749500
4776581
4831788
4764350
4853063
4747547
4528439
4570302
4749232
4750862
4605810
4641968
4733356
4687725
4749500
4738890
4776581
4831788
4764350
4853063
4747547
4720116
3853678
4738539
3846638
4726008
4747547
4720116
3853678
4738539
3846638
4726008
4420887
4739928
4753334
4861754
4864763
4647075
4422888
4740266
4131846
4741154
4449253
4759678
4593452
3674154
4420887
4739928
4753334
4861754
4864763
4647075
4422888
4740266
4131846
4741154
4449253
4759678
4593452
3674154
4737015
4841716
4778565
4641187
2792441
4636631
3846638
4726008
4420887
4739928
4753334
4861754
4864763
4647075
4422888
4740266
4131846
4741154
4449253
4759678
4593452
4737015
3674154
4841716
4778565
4641187
4864763
4647075
4422888
4740266
4131846
4741154
4449253
4759678
4593452
3674154
4737015
4841716
4778565
4641187
2792441
4636631
3822470
4464442
4871207
3783219
4841716
4778565
4641187
2792441
4636631
3822470
4464442
4871207
3783219
4475778
4870947
4735008
4456320
4784262
3686352
4453783
4651759
4772489
4836021
3828716
2792441
4636631
3822470
4464442
4871207
3783219
4475778
4870947
4735008
4456320
4784262
3686352
4453783
4651759
4772489
4836021
3828716
3034979
4686136
4521282
3783219
4475778
4870947
4735008
4456320
4784262
3686352
4453783
4651759
4772489
4836021
3828716
3034979
4686136
4521282
4643786
4718397
4769389
3778347
4839053
4475778
4870947
4735008
4456320
4784262
4453783
3686352
4651759
4772489
4836021
3828716
3034979
4686136
4521282
4643786
4718397
4769389
3778347
4839053
4717801
4453783
4651759
4772489
4836021
3828716
3034979
4686136
4521282
4643786
4718397
4769389
3778347
4839053
4717801
4641504
3766441
4871198
4770907
4719770
3674423
3828716
3034979
4686136
4521282
4643786
4718397
4769389
3778347
4839053
4717801
3766441
4641504
4871198
4770907
4719770
3674423
4868864
4753066
4720195
3901098
4717801
4641504
3766441
4871198
4770907
4719770
3674423
4868864
4753066
4720195
3901098
4422856
4774200
3883136
4446600
4848057
4645161
4445088
4771627
4819821
3883136
4446600
4848057
4645161
4445088
4771627
4819821
4411952
4392249
4721730
4646087
4722097
4745299
4723733
4811094
3931996
4863032
3874504
4724182
4667919
4392249
4721730
4646087
4722097
4745299
4723733
4811094
3931996
4863032
3874504
4724182
4667919
4725672
4844864
4811449
4726159
2134644
4816174
4860071
4835196
4724182
4667919
4725672
4844864
4811449
4726159
2134644
4816174
4860071
4835196
4756581
3735606
4622034
3496398
4730311
4503279
4801054
4728227
3651775
3773160
3496398
4730311
4503279
4801054
4728227
3651775
3773160
4840953
4634512
4729324
4869336
4729630
4606399
4661520
4826619
4646422
4704349
4828040
4793561
4730659
4661520
4826619
4646422
4704349
4828040
4793561
4730659
4732091
3039514
4762553
4682779
4728088
4846025
4790603
4728156
4775383
4453854
4848029
4683352
4788602
4793561
4732091
3039514
4762553
4682779
4728088
4846025
4790603
4728156
4775383
4453854
4848029
4683352
4788602
4857281
4420840
4687285
4683772
4794169
4684060
4728088
4846025
4790603
4728156
4775383
4453854
4848029
4683352
4788602
4857281
4420840
4687285
4683772
4794169
4684060
4705561
4785336
4685559
4825064
4753734
4794169
4684060
4705561
4785336
4685559
4825064
4753734
4731772
4708745
4840218
4857242
4729100
4855264
4771040
4755634
4736768
4855243
4742482
4849493
4730268
4729100
4855264
4771040
4755634
4736768
4855243
4742482
4849493
4730268
4846996
4677978
4693431
4843065
4835102
4752254
4779454
4835323
4393015
4789516
4830602
4693431
4843065
4835102
4752254
4779454
4835323
4393015
4789516
4830602
4732469
4731012
4732033
4421225
4634000
4456088
4840966
4815469
4680997
4810455
4731012
4732033
4421225
4634000
4456088
4840966
4815469
4680997
4810455
4812370
4641971
4703866
4747025
4712554
4812423
4739108
4814272
4253007
4776695
4699263
4747025
4712554
4812423
4739108
4814272
4253007
4776695
4699263
4783184
4763631
4791081
4779946
4489086
4770313
4781418
4738457
4800238
4788743
4730760
4770313
4781418
4738457
4800238
4788743
4730760
4723862
4714222
4730212
4801360
4789254
4861382
4567847
4749034
4816405
4711999
4837254
4858344
4693274
4816405
4711999
4837254
4858344
4693274
4832229
4521773
4576736
4670245
4614750
4668220
4847597
4729873
4108730
3678121
4822242
4731542
4670248
4756272
4582157
4576736
4670245
4614750
4668220
4847597
4729873
4108730
3678121
4822242
4731542
4670248
4756272
4582157
4838125
4671197
4663727
4204320
4793044
4827988
4827987
3678121
4822242
4731542
4670248
4756272
4582157
4838125
4671197
4663727
4204320
4793044
4827988
4827987
4756702
4756708
4848011
4644049
4800878
4773755
4721902
4827988
4827987
4756702
4756708
4848011
4644049
4773755
4800878
4721902
4831890
4773767
4847598
4727877
4808544
4808594
4848014
4804636
4680921
4845801
4818994
4808594
4848014
4804636
4680921
4845801
4818994
4629646
4636602
4794367
3840385
4801471
4726023
3699166
4219541
4871206
4789578
4553772
4836011
4759683
3834533
4818994
4629646
4636602
4794367
3840385
4801471
4726023
3699166
4219541
4871206
4836011
4553772
4759683
4789578
3834533
4737993
4833309
4750573
4776018
3787776
4219541
4871206
4759683
4553772
4789578
4836011
3834533
4737993
4833309
4750573
4776018
3787776
4724413
4853027
4782109
4763488
3715744
4787313
4769595
4624753
3787776
4853027
4782109
4763488
3715744
4787313
4769595
4624753
4629638
4785510
4728944
4701013
4868901
4787306
4869005
4765268
4818145
4449265
4620290
3661380
4787313
4769595
4624753
4629638
4785510
4728944
4701013
4868901
4787306
4869005
4765268
4818145
4449265
4620290
3661380
4785496
4865110
4848073
4783627
4445099
4785496
4848073
4865110
4783627
4445099
4846156
4204653
4790537
4788587
4855171
4720414
3687829
4861643
4746660
4853300
4688218
3739621
4805124
4823262
4860073
4449265
4620290
3661380
4785496
4848073
4865110
4783627
4445099
4846156
4790537
4204653
4788587
4855171
4720414
3687829
4746660
4861643
4853300
4688218
3739621
4848073
4783627
4445099
4846156
4790537
4204653
4788587
4855171
4720414
3687829
4861643
4746660
4853300
4688218
3739621
4805124
4823262
4860073
4851047
4682371
4788587
4855171
4720414
3687829
4861643
4746660
4853300
4688218
3739621
4805124
4823262
4860073
4851047
4682371
3855856
3027717
3773338
4848122
3057248
4688215
4861643
4853300
4688218
3739621
4805124
4823262
4860073
4851047
4682371
3855856
3027717
3773338
4848122
3057248
4688215
3772143
4841677
4422890
4727175
4803013
4682371
3855856
3027717
3773338
4848122
3057248
4688215
3772143
4841677
4422890
4727175
4803013
4422432
3369100
4731023
4631035
4841022
4686141
4760919
4248002
4805124
4823262
4860073
4851047
4682371
3855856
3027717
3773338
4848122
3057248
4688215
3772143
4841677
4422890
4727175
4803013
4422432
3369100
4731023
4631035
4688218
3739621
4805124
4823262
4860073
4851047
4682371
3855856
3027717
3773338
4848122
3057248
4688215
3772143
4841677
4422890
4727175
4803013
4422432
3369100
4805124
4823262
4860073
4851047
4682371
3855856
3027717
3773338
4848122
3057248
4688215
3772143
4841677
4422890
4727175
4803013
4422432
3369100
4731023
4631035
4688215
3772143
4841677
4422890
4727175
4803013
4422432
3369100
4731023
4631035
4841022
4686141
4760919
4248002
4823246
4803021
4842806
3638802
4669882
4727175
4803013
4422432
3369100
4731023
4631035
4841022
4760919
4686141
4248002
4823246
4803021
4842806
3638802
4669882
4545549
4664198
4742180
4838881
4731023
4631035
4841022
4686141
4760919
4248002
4823246
4803021
4842806
3638802
4669882
4545549
4664198
4742180
4838881
4814258
4848118
4777823
4803793
4742180
4838881
4814258
4848118
4777823
4803793
4836601
4763494
4762447
4535985
4819239
4827523
4619254
4836744
4699430
4755238
4808369
4835836
4542630
4777804
4814258
4848118
4777823
4803793
4836601
4763494
4762447
4535985
4819239
4827523
4619254
4836744
4699430
4755238
4808369
4835836
4542630
4777804
4646803
4831249
4827523
4619254
4836744
4699430
4755238
4808369
4835836
4542630
4777804
4646803
4831249
4824962
4832663
4776692
4783336
4411908
4784807
4829079
4751341
4000571
4777804
4646803
4831249
4824962
4832663
4776692
4783336
4411908
4784807
4829079
4751341
4000571
4750569
4824857
4779910
4755232
3916037
4646781
4819734
3937017
4776692
4783336
4411908
4784807
4829079
4751341
4000571
4750569
4824857
4779910
4755232
3916037
4646781
4819734
3937017
4810449
4822850
4841511
4726717
4822998
4824857
4779910
4755232
3916037
4646781
4819734
3937017
4810449
4822850
4841511
4726717
4822998
3869015
4699423
4598551
3579062
4818625
4753026
4764943
4282348
4726717
4822998
3869015
4699423
4598551
3579062
4818625
4753026
4764943
4282348
4820781
4719915
4822260
3859445
4818527
4548392
4848067
4827748
4654249
4830350
4822260
3859445
4818527
4848067
4548392
4827748
4654249
4830350
4813823
4613584
4273800
4770914
4810360
4622128
4806013
4849612
4810264
4765931
4853291
4267224
4813823
4613584
4273800
4770914
4810360
4622128
4806013
4849612
4810264
4765931
4853291
4267224
4718172
4833806
4263779
4832148
4853275
4757259
4801499
4725550
4832148
4853275
4757259
4801499
4725550
4856145
4727147
4798050
4666102
4781433
4725492
4429328
4620358
4746688
4719386
4671169
4863550
4236025
4692688
4863569
4666102
4781433
4725492
4429328
4620358
4746688
4719386
4671169
4863550
4236025
4692688
4863569
4867901
4779493
4860025
4793612
4181938
4731740
4871205
4490124
4236025
4863569
4692688
4867901
4779493
4860025
4793612
4181938
4731740
4871205
4490124
4125083
4839063
4756221
4410639
4806387
4419895
4869295
4756775
4694245
4490124
4125083
4839063
4756221
4410639
4806387
4419895
4869295
4756775
4694245
3876729
4871158
4755873
3999234
4861149
4871184
3798671
4863323
3677006
4752111
3999234
4871184
4861149
3798671
4863323
3677006
4752111
4791647
4867817
4829428
4125781
3760594
4819063
4871204
4813588
4781939
3832575
4592711
4606886
4863618
4871204
4813588
4781939
3832575
4592711
4606886
4863618
3717749
4768100
3721415
4683946
3695704
2698083
4776090
4427770
4212607
4418304
4645111
4338208
3691155
4212607
4418304
4645111
4338208
3691155
4388375
4841870
4853889
4341403
4485770
4691163
3736110
4853884
3733281
4776480
4634550
4846045
3846613
4842050
2906606
3736110
4853884
3733281
4776480
4634550
4846045
3846613
4842050
2906606
4422095
4776360
4729053
4382190
4413984
3832179
3865988
3564843
4778622
3857517
4742880
4776360
4729053
4382190
4413984
3832179
3865988
3564843
4778622
3857517
4742880
4805359
4823303
3718015
4727268
3796583
4858727
4745592
4836294
4820638
4737144
4727268
4858727
3796583
4745592
4836294
4820638
4737144
3433790
3861186
4575578
4357247
4726593
4456312
4744197
4605785
4437535
4730526
4727922
3180151
4870426
3861186
4575578
4357247
4726593
4456312
4744197
4605785
4437535
4730526
4727922
3180151
4870426
4172582
3909278
4767886
4780854
4730224
4343523
4739071
4125459
4744197
4605785
4437535
4730526
4727922
3180151
4870426
4172582
3909278
4767886
4780854
4730224
4343523
4739071
4125459
2869732
3920517
3850396
3912884
4204473
4172582
3909278
4767886
4780854
4343523
4730224
4739071
4125459
2869732
3920517
3850396
3912884
4204473
4727937
4766166
4775612
4198602
3757277
3825460
4869034
4125459
2869732
3920517
3850396
3912884
4204473
4727937
4766166
4775612
4198602
3757277
3825460
4869034
4802637
4775502
4762942
4832963
4119617
4831619
3668716
3757277
3825460
4869034
4802637
4775502
4762942
4832963
4119617
4831619
3668716
4548377
3560695
3933049
4829465
3340311
4064442
4474206
4829463
3800712
4283925
3560695
3933049
4829465
3340311
4064442
4474206
4829463
4283925
3800712
3955072
4613184
4823266
4663586
4422436
4750052
4435169
4699438
3857836
4294919
4753030
4829463
3800712
4283925
3955072
4823266
4613184
4663586
4422436
4750052
4435169
4699438
3857836
4294919
4753030
4372108
4818737
4808672
4729960
3532840
4760836
4753030
4372108
4818737
4808672
4729960
3532840
4760836
4461218
4782250
2366664
4201992
4304743
4457973
4849631
4584985
4273922
4846210
4747244
4836389
4609470
4808672
4729960
3532840
4760836
4461218
4782250
2366664
4201992
4304743
4457973
4849631
4584985
4273922
4846210
4747244
4836389
4609470
4281088
4494854
4843362
4457973
4849631
4584985
4273922
4846210
4747244
4836389
4609470
4281088
4494854
4843362
4778007
4736664
4755512
4752405
4819928
4771064
4803236
4751147
3929466
4846210
4747244
4836389
4609470
4281088
4843362
4494854
4778007
4736664
4755512
4752405
4819928
4771064
4803236
3929466
4751147
4795944
4704644
4767523
4801718
4461218
4782250
2366664
4201992
4304743
4457973
4849631
4584985
4273922
4846210
4747244
4836389
4609470
4281088
4843362
4494854
4778007
4736664
4755512
4819928
4849631
4584985
4273922
4846210
4747244
4836389
4609470
4281088
4494854
4843362
4778007
4736664
4755512
4819928
4752405
4771064
4803236
3929466
4751147
4795944
4843362
4778007
4736664
4755512
4752405
4819928
4771064
4803236
4751147
3929466
4795944
4704644
4767523
4801718
4819248
4819864
4170859
3551242
4412437
4671192
4795944
4704644
4767523
4801718
4819248
4819864
4412437
3551242
4170859
4671192
4805744
4728604
4801495
4730664
4806017
3768273
4690818
4774212
4291683
4291841
3551242
4412437
4671192
4805744
4801495
4728604
4730664
4806017
3768273
4690818
4774212
4291683
4291841
4812222
4833796
4869801
4753744
4867299
4806388
4868632
4728604
4801495
4730664
4806017
3768273
4690818
4774212
4291683
4291841
4812222
4833796
4869801
4753744
4867299
4806388
4868632
4789781
4788149
4868140
4744906
4690818
4774212
4291683
4291841
4812222
4833796
4869801
4753744
4867299
4806388
4868632
4789781
4788149
4868140
4744906
4865681
4795072
4862038
4718128
4806310
4291683
4291841
4812222
4833796
4869801
4753744
4867299
4806388
4868632
4789781
4788149
4868140
4744906
4795072
4865681
4862038
4718128
4806310
4421822
4800246
4806388
4868632
4789781
4788149
4868140
4744906
4795072
4865681
4862038
4718128
4806310
4421822
4800246
4806485
4861584
4490128
4069810
4855429
4204192
4752425
4869801
4753744
4867299
4806388
4868632
4789781
4788149
4868140
4744906
4795072
4865681
4862038
4718128
4806310
4421822
4800246
4806485
4861584
4490128
4069810
4774212
4291683
4291841
4812222
4833796
4869801
4753744
4867299
4806388
4868632
4789781
4788149
4868140
4744906
4865681
4795072
4862038
4718128
4806310
4421822
4753744
4867299
4806388
4868632
4789781
4788149
4868140
4744906
4865681
4795072
4862038
4718128
4806310
4421822
4800246
4806485
4861584
4490128
4069810
4855429
4753744
4867299
4806388
4868632
4789781
4788149
4868140
4744906
4865681
4795072
4862038
4718128
4806310
4421822
4800246
4806485
4861584
4490128
4069810
4855429
4753744
4867299
4806388
4868632
4789781
4788149
4868140
4744906
4795072
4865681
4862038
4718128
4806310
4421822
4800246
4806485
4861584
4490128
4069810
4855429
4869801
4753744
4867299
4806388
4868632
4789781
4788149
4868140
4744906
4865681
4795072
4862038
4718128
4806310
4421822
4800246
4806485
4861584
4490128
4069810
4812222
4833796
4869801
4753744
4867299
4806388
4868632
4789781
4788149
4868140
4744906
4795072
4865681
4862038
4718128
4806310
4421822
4800246
4806485
4861584
4753744
4867299
4806388
4868632
4789781
4788149
4868140
4744906
4865681
4795072
4862038
4718128
4806310
4421822
4800246
4806485
4861584
4490128
4069810
4855429
4789781
4788149
4868140
4744906
4795072
4865681
4862038
4718128
4806310
4421822
4800246
4806485
4861584
4490128
4069810
4855429
4204192
4752425
4860834
4809889
4868632
4789781
4788149
4868140
4744906
4795072
4865681
4862038
4718128
4806310
4421822
4800246
4806485
4861584
4490128
4069810
4855429
4204192
4752425
4860834
4789781
4788149
4868140
4744906
4865681
4795072
4862038
4718128
4806310
4421822
4800246
4806485
4861584
4490128
4069810
4855429
4752425
4204192
4860834
3770398
4867299
4806388
4868632
4789781
4788149
4868140
4744906
4795072
4865681
4862038
4718128
4806310
4421822
4800246
4806485
4861584
4490128
4069810
4855429
4204192
4868632
4789781
4788149
4868140
4744906
4865681
4795072
4862038
4718128
4806310
4421822
4800246
4806485
4861584
4490128
4069810
4855429
4752425
4204192
4860834
4744906
4795072
4865681
4862038
4718128
4806310
4421822
4800246
4806485
4861584
4490128
4069810
4855429
4752425
4204192
4860834
3770398
4809889
4753699
4858197
4069810
4855429
4752425
4204192
4860834
4809889
3770398
4753699
4858197
4127577
4723751
4756931
4853501
4757101
4801610
4313832
4689645
4071949
4685543
4760950
4806485
4861584
4490128
4069810
4855429
4204192
4752425
4860834
4809889
3770398
4753699
4858197
4127577
4723751
4756931
4853501
4757101
4801610
4313832
4689645
4809889
4753699
4858197
4127577
4723751
4756931
4853501
4757101
4801610
4313832
4689645
4071949
4685543
4760950
4855613
4774638
3835582
4851288
4772415
4735010
4756931
4723751
4853501
4757101
4801610
4313832
4689645
4071949
4760950
4685543
4855613
4774638
3835582
4851288
4772415
4735010
4829450
4795975
4745504
4744361
4858197
4127577
4723751
4756931
4853501
4757101
4801610
4313832
4689645
4071949
4760950
4685543
4855613
4774638
3835582
4851288
4772415
4735010
4829450
4795975
4853501
4757101
4801610
4313832
4689645
4071949
4685543
4760950
4855613
4774638
3835582
4851288
4772415
4735010
4829450
4795975
4745504
4744361
4742312
4570280
4851288
4772415
4735010
4829450
4795975
4745504
4744361
4742312
4570280
4804674
4833753
4399914
4784218
4850577
4729014
4713530
4296690
4801812
4850243
4836267
4855613
4774638
3835582
4851288
4772415
4735010
4829450
4795975
4745504
4744361
4742312
4570280
4804674
4833753
4399914
4784218
4850577
4729014
4713530
4296690
4735010
4829450
4795975
4745504
4744361
4742312
4570280
4804674
4833753
4399914
4784218
4850577
4729014
4713530
4296690
4801812
4850243
4836267
4848793
4742132
4850577
4729014
4713530
4296690
4801812
4850243
4836267
4848793
4742132
4848602
4835233
4590867
4724383
4793631
4841682
4724482
3865969
4745118
4841345
3959909
4590867
4724383
4793631
4841682
4724482
3865969
4745118
4841345
3959909
4408943
4837377
4805484
4749258
4854115
4638893
4871203
3854900
4806987
4835063
4568049
4837377
4805484
4749258
4854115
4638893
4871203
3854900
4806987
4835063
4568049
4559541
4825174
4787167
4860008
4834916
4805502
4833661
4805292
4489983
4552482
4871203
3854900
4806987
4835063
4568049
4559541
4825174
4787167
4860008
4834916
4805502
4833661
4805292
4489983
4552482
4806840
4832980
4831902
4738843
4802728
4860008
4834916
4805502
4833661
4805292
4489983
4552482
4806840
4832980
4831902
4738843
4802728
4051657
4848117
4783460
4699389
4752229
4740156
3908423
4850798
4831902
4738843
4802728
4051657
4848117
4783460
4699389
4752229
4740156
3908423
4850798
3900922
4871202
4560005
4817061
3849802
4831538
4754959
4858087
3407036
4802728
4051657
4848117
4783460
4699389
4752229
4740156
3908423
4850798
3900922
4871202
4560005
4817061
3849802
4831538
4754959
4858087
3407036
3972622
4827767
4699389
4752229
4740156
3908423
4850798
3900922
4871202
4560005
4817061
3849802
4831538
4754959
4858087
3407036
3972622
4827767
4742763
4108362
3701513
4754916
4783460
4699389
4752229
4740156
3908423
4850798
3900922
4871202
4560005
4817061
3849802
4831538
4754959
4858087
3407036
3972622
4827767
4742763
4108362
3701513
4752229
4740156
3908423
4850798
3900922
4871202
4560005
4817061
3849802
4831538
4754959
4858087
3407036
3972622
4827767
4742763
4108362
3701513
4754916
4750742
3900922
4871202
4560005
4817061
3849802
4831538
4754959
4858087
3407036
3972622
4827767
4742763
4108362
3701513
4754916
4750742
3536007
4827095
4751005
3779883
3407036
3972622
4827767
4742763
4108362
3701513
4754916
4750742
3536007
4827095
4751005
3779883
4481570
4826724
4839947
4749534
3905340
3375480
4826056
3844062
4751005
3779883
4481570
4826724
4839947
4749534
3905340
3375480
4826056
3844062
4840047
4841837
4825922
4497066
4842096
4817206
4841080
4808687
4643762
4850028
3375480
4826056
3844062
4840047
4841837
4825922
4497066
4842096
4817206
4841080
4808687
4850028
4643762
4851441
4756453
4806890
4766091
4622027
3708800
3032448
4766091
3032448
3708800
4861284
4866679
4806632
3725332
4591968
4699429
4219502
4666108
4474005
4100784
4664343
4842801
3492463
4421849
4750563
4854655
4725981
4666108
4474005
4100784
4664343
4842801
3492463
4421849
4750563
4725981
4854655
4744891
4852404
4826592
4449296
4853384
4773000
4631026
4641506
4661103
4418266
4842801
3492463
4421849
4750563
4725981
4854655
4744891
4852404
4826592
4449296
4853384
4773000
4631026
4641506
4661103
4418266
3109567
3743649
4855419
4866701
4773000
4631026
4641506
4661103
4418266
3109567
3743649
4855419
4866701
4805033
4784031
4862753
3677591
4664656
4865894
4804650
4635506
4866001
4803672
4831444
4664656
4865894
4804650
4635506
4866001
4803672
4831444
4801856
4543823
4802922
4752965
4803234
4457934
4868807
4801961
4565926
4825009
4801751
4669876
4735423
4457934
4868807
4801961
4565926
4825009
4801751
4669876
4735423
4871201
4812163
4743276
4758924
4854227
4759636
4577967
3946453
4582906
3838096
3826887
3731317
3946453
4582906
3838096
3826887
3731317
3678620
4494947
4764159
3879117
4849136
4819297
3754592
4702131
4784313
4577809
4750565
4758406
4749059
4726120
4601555
4758406
4749059
4726120
4601555
4606105
4762984
4740413
4756448
4767134
4806671
4734789
4726550
4615425
4750546
4671188
4787577
4615371
4445118
4800687
4750546
4671188
4787577
4445118
4615371
4800687
4862056
4796532
4672248
4775701
4863612
4565825
4759932
4796122
4546174
4714241
4742105
4864394
4864190
4794156
4565825
4759932
4796122
4546174
4714241
4742105
4864394
4864190
4794156
4729016
4656898
4861709
4609045
4867821
4200803
3783259
4721094
4350705
4743605
4861661
3783259
4350705
4743605
4861661
3754159
4657660
4854706
4854672
3743768
4844069
4823160
4848910
4449287
3692386
4316414
4794495
2833783
4820486
3941424
4793198
4823160
4848910
4449287
3692386
4794495
4316414
2833783
4820486
3941424
4793198
4852239
4849902
4747367
4609098
4844184
4789173
4869548
4785846
4730470
4870278
4747367
4609098
4844184
4789173
4869548
4785846
4870278
4730470
4785676
4222697
4778217
4855113
4703560
4777924
4511988
4620512
4599898
3675912
4843954
4515153
4870278
4730470
4785676
4222697
4778217
4855113
4703560
4777924
4511988
4620512
4599898
3675912
4843954
4515153
4841450
4333028
4776748
3557550
4842437
4785587
4599898
3675912
4843954
4515153
4841450
4333028
4776748
3557550
4842437
4785587
4841360
4851238
4800472
4833692
4722325
4775327
4664352
4603740
4630904
4841289
3557550
4842437
4785587
4841360
4851238
4800472
4833692
4722325
4775327
4664352
4603740
4630904
4841289
3493836
4775584
4833655
3994459
4812658
4729407
4831845
4812658
4729407
4831845
4831782
4484196
4825506
3668559
4825391
4785232
4852592
4511309
4833432
4819372
4867397
4717542
4673674
4557808
4672241
4823789
4865250
4819372
4867397
4717542
4673674
4557808
4672241
4823789
4865250
4598628
4829300
3673259
4741319
4863903
4127538
4774386
4638868
3557566
4863034
4774286
4823732
4598628
4829300
3673259
4741319
4863903
4127538
4774386
4638868
3557566
4863034
4774286
4444899
4823732
3675676
4849931
4729415
4605358
4765886
4816882
4747556
4863034
4774286
4444899
4823732
4849931
3675676
4729415
4605358
4765886
4816882
4747556
3884096
4715297
4443875
4444928
4629173
4773146
4772514
4859847
4762315
4434028
4844742
4844095
4804327
4760229
4836605
4631062
4783042
4741030
4788221
4420632
