19.0
18.0
12.0
12.0
16.0
14.0
11.0
0.0
14.0
15.0
12.5
10.0
0
0
26.0
23.0
0.0
14.0
0
13.0
0.0
9.0
0.0
14.0
26.0
12.5
12.0
19.0
0
12.0
18.0
11.0
0.0
13.0
0
15.0
14.0
16.0
14.0
23.0
12.5
12.0
19.0
0
12.0
18.0
11.0
0.0
13.0
0
15.0
14.0
16.0
14.0
23.0
0
11.0
10.0
0
0
13.0
0
15.0
14.0
16.0
14.0
23.0
0
11.0
10.0
0
0
15.0
11.0
19.0
0
0
0
18.0
14.0
26.0
14.0
12.5
12.0
19.0
0
12.0
18.0
11.0
0.0
13.0
0
15.0
14.0
16.0
14.0
23.0
0
10.0
11.0
0.0
8.0
14.0
0.0
9.0
0.0
14.0
26.0
12.5
12.0
19.0
0
12.0
18.0
11.0
0.0
13.0
0
15.0
14.0
0.0
9.0
0.0
14.0
26.0
12.5
12.0
19.0
0
12.0
18.0
11.0
0.0
13.0
0
15.0
14.0
16.0
14.0
23.0
9.0
0.0
14.0
26.0
12.5
12.0
19.0
0
12.0
18.0
11.0
0.0
13.0
0
15.0
14.0
16.0
14.0
23.0
0
18.0
11.0
0.0
13.0
0
15.0
14.0
16.0
14.0
23.0
0
11.0
10.0
0
0
15.0
11.0
19.0
0
0
0.0
14.0
26.0
12.5
12.0
19.0
0
12.0
18.0
11.0
0.0
13.0
0
15.0
14.0
16.0
14.0
23.0
0
11.0
11.6
18.2
0.0
8.0
14.0
0.0
9.0
0.0
26.0
14.0
12.5
12.0
19.0
0
12.0
18.0
11.0
0.0
13.0
0
8.0
11.6
18.2
8.0
0.0
14.0
0.0
9.0
0.0
14.0
26.0
12.5
12.0
19.0
0
12.0
18.0
11.0
0.0
13.0
8.0
11.6
18.2
8.0
0.0
14.0
0.0
9.0
0.0
14.0
26.0
12.5
12.0
19.0
0
12.0
18.0
11.0
0.0
13.0
20.0
0.0
12.0
8.0
11.6
18.2
0.0
8.0
14.0
0.0
9.0
0.0
26.0
14.0
12.5
12.0
19.0
0
12.0
18.0
18.0
0.0
20.0
12.0
0.0
8.0
11.6
18.2
8.0
0.0
14.0
0.0
9.0
0.0
14.0
26.0
12.5
12.0
19.0
0
20.0
0.0
12.0
8.0
11.6
18.2
0.0
8.0
14.0
0.0
9.0
0.0
14.0
26.0
12.5
12.0
19.0
0
12.0
18.0
11.0
8.0
12.0
9.0
18.0
0.0
20.0
12.0
0.0
8.0
11.6
18.2
8.0
0.0
14.0
0.0
9.0
0.0
14.0
26.0
20.0
0.0
12.0
8.0
11.6
18.2
0.0
8.0
14.0
0.0
9.0
0.0
14.0
26.0
12.5
12.0
19.0
0
12.0
18.0
18.0
0.0
20.0
0.0
12.0
8.0
11.6
18.2
8.0
0.0
14.0
0.0
9.0
0.0
14.0
26.0
12.5
12.0
19.0
0
0.0
12.0
8.0
11.6
18.2
8.0
0.0
14.0
0.0
9.0
0.0
26.0
14.0
12.5
12.0
19.0
0
12.0
18.0
11.0
8.0
11.6
18.2
8.0
0.0
14.0
0.0
9.0
0.0
26.0
14.0
12.5
12.0
19.0
0
12.0
18.0
11.0
0.0
13.0
14.0
0.0
9.0
0.0
14.0
26.0
12.5
12.0
19.0
0
12.0
18.0
11.0
0.0
13.0
0
15.0
14.0
16.0
14.0
11.0
0.0
13.0
0
15.0
14.0
16.0
14.0
23.0
0
10.0
11.0
0
0
15.0
11.0
19.0
0
0
0
14.0
16.0
14.0
23.0
0
11.0
10.0
0
0
15.0
11.0
19.0
0
0
0
18.0
14.0
12.0
0
16.0
0
0
18.0
14.0
16.0
12.0
0
22.0
16.0
17.0
12.0
0
0.0
19.5
9.0
18.0
16.0
0.0
8.0
8.5
16.0
12.0
0
0.0
19.5
9.0
18.0
16.0
0.0
8.0
8.5
10.0
13.0
0.0
0.0
13.0
12.0
0
12.0
16.0
8.5
10.0
13.0
0.0
13.0
12.0
0.0
0
12.0
16.0
13.0
0.0
12.0
15.0
0
20.0
12.0
18.0
24.0
20.0
0
20.0
12.0
18.0
24.0
20.0
0.0
21.0
14.0
0.0
0.0
0
0.0
0
0.0
20.0
22.0
0.0
16.0
0.0
20.0
22.0
0.0
16.0
0.0
0
0
0
11.0
14.0
0
0
12.5
12.0
11.0
13.0
0
16.0
14.0
0
20.0
0.0
21.0
14.0
0.0
0.0
0
0.0
0
0.0
20.0
22.0
0.0
16.0
0.0
0
0
0
11.0
14.0
20.0
22.0
0.0
16.0
0
0.0
0
0
11.0
14.0
0
0
12.5
12.0
11.0
13.0
0
16.0
14.0
0
0
11.0
14.0
0
0
12.5
12.0
11.0
13.0
0
16.0
14.0
0
20.0
0
0
18.0
0
0.0
0
13.0
0
16.0
14.0
0
20.0
0
0
18.0
0
0.0
0
0.0
18.0
0.0
0
0
0.0
11.0
18.0
0
18.0
0.0
0.0
0
0
0.0
11.0
18.0
0.0
20.0
13.0
18.0
13.0
5.5
0.0
8.0
0
0.0
0.0
13.0
5.5
0.0
8.0
0
0.0
0.0
0
0.0
0
0.0
33.0
11.0
0
0
0
0
0
11.0
11.0
33.0
11.0
0
0
0
0
0
11.0
11.0
0
23.0
16.0
15.0
0
0.0
11.3
0
0
20.0
0
0
11.0
0
11.0
0
23.0
16.0
15.0
0
0.0
11.3
0
0
20.0
0
0.0
0
0.0
10.0
0
0
23.0
16.0
15.0
0
0.0
11.3
0
0
20.0
0
0.0
0.0
0
10.0
0
18.2
24.0
0
0
16.0
15.0
0
0.0
11.3
0
0
20.0
0
0.0
0
0.0
10.0
0
18.2
24.0
0
0
15.0
10.0
0.0
0
0.0
10.0
0
18.2
24.0
0
0
15.0
10.0
0
12.0
0
0.0
15.0
0.0
0
0.0
0.0
0
10.0
15.0
0
12.0
0
0.0
15.0
0.0
0
0.0
0.0
0
18.5
0
0
0
0
12.0
15.0
0
0
15.0
10.0
0
12.0
0
0.0
15.0
0.0
0
0.0
0.0
0
18.5
0
0
0
0
12.0
0
12.0
0
0.0
15.0
0.0
0
0.0
0.0
0
18.5
0
0
0
0
12.0
15.0
0
0
0
0.0
0
18.5
0
0
0
0
12.0
15.0
0
0
0
0
0
19.0
0
0
12.0
0
0
18.5
0
0
0
0
12.0
15.0
0
0
0
0
0
19.0
0
0
12.0
0
0
0
0
0
0
0
12.0
15.0
0
0
0
0
0
19.0
0
0
12.0
0
0
0
0
0.0
0
0.0
0
0.0
0.0
0
18.5
0
0
0
0
12.0
15.0
0
0
0
0
0
19.0
0
0
18.5
0
0
0
0
12.0
15.0
0
0
0
0
0
19.0
0
12.0
0
0
0
0
0
0.0
0
18.5
0
0
0
0
12.0
15.0
0
0
0
0
0
19.0
0
0
12.0
0
0
0
18.5
0
0
0
0
12.0
15.0
0
0
0
0
0
19.0
0
12.0
0
0
0
0
18.5
0
0
0
0
12.0
15.0
0
0
0
0
0
19.0
0
12.0
0
0
0
0
0
12.0
15.0
0
0
0
0
0
19.0
0
0
12.0
0
0
0
0
0.0
0
0.0
17.0
0.0
19.0
0
0
12.0
0
0
0
0
0.0
0
0.0
17.0
0.0
0
0.0
6.93
0
14.0
0
12.8
0
12.0
0
0
0
0
0.0
0
0.0
17.0
0.0
0
0.0
6.93
0
14.0
0
12.8
0
0
0.0
17.0
0.0
0
0.0
6.93
0
14.0
0
12.8
0
0
0
0.0
0
0
23.0
0.0
0
0
14.0
0
12.8
0
0
0
0.0
0
0
23.0
0.0
0
0
0.0
0
0.0
0
0
0.0
0.0
0
23.0
0.0
0
0
0.0
0
0.0
0
0
0.0
0.0
15.0
0.0
9.5
0.0
100.0
0.0
0.0
6.3
15.0
0.0
9.5
0.0
100.0
0.0
0.0
6.3
0
0
12.0
0
0.0
0
0
7.54
0
0
0
0.0
12.0
0
0.0
0
0
7.54
0
0
0
0.0
12.3
0
0
0.0
0
0.0
0
0
17.0
0.0
0
7.54
0
0
0
0.0
12.3
0
0
0.0
0
0.0
0
0
17.0
0.0
0.0
0
0
0.0
0
12.3
0.0
0
0
0.0
0
0.0
0
0
17.0
0.0
0.0
0
0
0.0
0
7.0
0.0
0
0
0.0
0
0
17.0
0.0
0.0
0
0
0.0
0
7.0
0.0
0
0
0.0
15.5
0
0.0
0.0
0
0.0
0
7.0
0.0
0
0
0.0
15.5
0
0.0
0.0
0
0
18.6
0.0
22.0
17.5
0
10.0
0
0.0
0.0
0
0
0.0
18.6
22.0
17.5
10.0
0
0
7.0
0
7.0
0
0
16.0
0
0
10.0
0
0
7.0
0
7.0
0
0
16.0
0
0
0
0.0
12.0
0
0
0.0
0.0
31.0
20.0
0
0
0
0.0
12.0
0
0
0.0
0.0
31.0
20.0
0
0
0
0.0
0.0
0.0
0
16.0
0
0
0
0.0
0.0
0.0
0
16.0
0
0
13.0
0
18.5
0
0.0
0
9.2
0
10.04
0
0
13.0
0
18.5
0
0.0
0
9.2
0
10.04
0
0
0.0
19.0
0
25.5
23.0
0
0
10.5
0.0
0
25.5
23.0
0
0
10.5
0.0
12.0
0
0
0.0
0.0
10.0
10.0
0
0
8.7
0.0
0
0.0
12.0
0
0
0.0
0.0
10.0
10.0
0
0
8.7
0.0
0
0.0
0.0
0
0.0
10.6
9.0
13.0
0.0
0
0.0
0.0
10.0
10.0
0
0
8.7
0.0
0
0.0
0.0
0
0.0
10.6
9.0
13.0
0.0
0
9.0
0.0
0
0.0
10.6
9.0
13.0
0.0
0
9.0
12.0
0
0.0
13.5
20.0
0
0.0
9.0
0.0
0
3.0
0
0.0
10.6
9.0
13.0
0.0
0
9.0
12.0
0.0
0
13.5
20.0
0
0.0
9.0
0
0.0
3.0
0.0
13.5
20.0
0
0.0
9.0
0.0
0
3.0
0.0
0.0
0
14.0
0.0
0
0.0
14.0
0.0
10.0
12.0
9.1
0.0
0
3.0
0.0
0.0
0
14.0
0.0
0
0.0
14.0
0.0
10.0
12.0
9.1
9.0
0
7.0
0
17.8
0.0
14.0
0.0
10.0
12.0
9.1
9.0
0
7.0
0
17.8
0
0
8.0
9.5
8.0
0.0
0
0.0
0.0
9.5
8.0
0.0
0
0.0
0.0
15.0
0
0.0
0
0.0
0
11.0
0.0
0
5.0
0
0
0
8.0
0.0
11.0
0.0
0
5.0
0
0
0
8.0
0
0
15.0
16.0
0
8.0
0.0
9.0
24.0
18.0
25.0
8.0
0
0
15.0
16.0
0
8.0
0.0
9.0
24.0
18.0
25.0
0
10.0
11.0
0
0
0
8.0
0.0
25.0
0
10.0
11.0
0
0
0
8.0
0.0
0
0
8.0
13.0
15.0
12.5
0.0
12.0
0
7.2
7.8
12.0
0
7.2
7.8
0
0
12.0
0
0.0
0.0
0
0
13.0
0.0
0
0
0
14.0
0
11.0
0
0
13.0
0.0
0
0
0
0
14.0
11.0
14.5
0
20.0
0
10.0
12.3
7.0
0
0
0.0
0
0
0.0
0.0
0
7.9
11.0
8.2
9.5
0
8.5
0.0
16.7
8.5
0
11.0
16.0
0
7.5
0
8.5
0
16.0
11.0
0
7.5
0
0.0
12.5
12.0
12.5
0
0
0
0.0
0
15.0
0
0
0
0
0
0.0
0
15.0
0
0
0
10.0
0
0
0
8.2
0.0
0
0.0
0.0
0.0
0
0
0.0
0.0
0.0
0
0
6.0
16.0
11.0
0
6.5
24.0
13.5
0.0
10.5
11.3
0
0
12.0
11.0
0.0
11.3
0
10.5
0
12.0
11.0
0.0
0.0
0.0
0.0
25.0
10.0
0
0
21.0
10.7
0.0
0
100.0
17.5
10.7
0.0
0
100.0
17.5
11.5
7.4
0.0
10.0
13.0
0
14.0
0
9.0
0
0
0
0.0
0
0.0
14.0
0
9.0
0
0
0
0.0
0
15.0
0.0
11.0
20.0
0.0
21.0
0
12.5
0
0
0.0
0.0
0.0
21.0
0
12.5
0
0
0.0
0.0
0.0
0
10.0
0
0
13.5
17.0
0
0
13.0
6.5
14.8
0
13.5
17.0
0
0
13.0
6.5
14.8
0
11.5
21.0
0
0.0
5.3
12.0
0
10.2
0.0
0
0
12.0
0
10.2
0.0
0
0
12.4
13.0
0
0
14.5
0
14.5
0
0.0
0.0
0
11.6
0
12.0
14.5
0
14.5
0
0.0
0.0
0
11.6
0
12.0
11.6
0
0
18.4
0
11.0
0.0
0
17.6
0.0
0.0
0
11.6
0
12.0
11.6
0
0
18.4
0
0.0
11.0
0
17.6
0.0
0.0
14.4
12.0
0.0
0
17.6
0.0
14.4
0.0
12.0
0.0
0
50.0
11.0
0.0
0.0
45.0
6.8
8.8
14.0
12.6
50.0
12.0
12.7
0
50.0
11.0
0.0
0.0
45.0
6.8
8.8
14.0
12.6
50.0
12.0
12.7
0
0.0
20.0
10.0
0
0
11.0
0
0
0.0
20.0
10.0
0
0
11.0
0
118.0
14.0
0
12.0
15.0
0
0
10.0
33.0
0
15.0
10.6
12.0
15.0
0
0
10.0
33.0
0
15.0
10.6
0.0
8.8
0
110.0
0
400.0
0.0
0.0
0
0
9.2
33.0
0
15.0
10.6
0.0
8.8
0
110.0
0
400.0
0.0
0.0
0
0
9.2
0.0
0
0
0
10.0
0
10.6
15.0
0.0
8.8
0
110.0
0
400.0
0.0
0.0
0
0
9.2
0.0
0
0
0
10.0
11.0
0.0
0
0
9.2
0.0
0
0
0
10.0
11.0
0.0
0.0
9.7
0
56.0
0
14.0
0.0
0
0.0
0.0
0.0
9.7
0
56.0
14.0
0
0.0
0
0.0
0
0.0
16.0
13.0
56.0
0.0
25.0
8.7
0
0
0
0.0
0
0.0
16.0
13.0
56.0
0.0
25.0
8.7
0
0
13.6
9.0
9.0
7.1
8.6
0
13.0
70.0
7.1
13.0
8.6
0
70.0
0
0
0
50.0
17.0
5.6
0
59.0
0.0
0
0.0
23.0
250.0
0
9.7
0
59.0
0.0
0
0.0
23.0
250.0
0
9.7
380.0
0
10.0
14.0
9.2
0
0
0.0
6.5
0
60.0
0.0
6.5
0
60.0
40.0
14.4
8.7
50.0
0
0.0
10.0
11.0
10.5
8.6
0
18.5
30.0
12.0
11.83
16.5
11.0
10.5
8.6
18.5
0
30.0
12.0
11.83
16.5
0.0
12.5
14.5
15.0
15.0
0
15.0
0
14.0
23.0
0
11.83
16.5
0.0
12.5
14.5
15.0
15.0
0
15.0
0
14.0
23.0
0
26.0
10.0
0
0.0
0
0
0
0.0
0
0
0
9.7
29.0
8.7
0
0
8.0
0
0.0
6.8
13.1
10.5
0
20.0
0
24.0
13.1
10.5
0
20.0
0
24.0
14.4
13.0
10.7
0
0.0
11.0
20.0
0
11.1
0
0
0
10.7
0
0.0
11.0
0
20.0
11.1
0
0
0
12.7
0.0
0.0
0.0
0
0.0
0.0
0.0
0
13.6
0
0.0
0.0
0.0
0
13.6
0
11.2
0
0
8.8
0
0.0
0.0
0
13.4
9.0
0
25.0
0.0
0.0
0
13.4
9.0
0
25.0
0
0
0
15.0
22.0
13.0
0.0
14.0
14.7
10.5
0
0.0
0
25.0
0
0
22.0
13.0
15.0
0
0.0
14.0
14.7
10.5
0
0.0
0
11.2
16.0
15.5
0
0.0
9.5
0
0.0
0
11.2
16.0
15.5
0
9.5
0.0
12.7
13.5
0.0
17.5
11.3
0.0
10.0
10.7
0.0
15.0
0
0.0
12.7
13.5
0.0
11.3
17.5
0.0
10.0
10.7
0.0
15.0
0
0
0.0
10.4
0
0
10.0
21.0
18.0
10.0
10.7
0.0
15.0
0
0
0.0
0
10.4
0
10.0
21.0
18.0
0
8.6
0
0
11.8
0
9.0
10.7
0.0
15.0
0
0
0.0
10.4
0
10.0
0
21.0
18.0
0
8.6
0
0
11.8
0
9.0
0
0.0
15.0
0
0
0.0
0
10.4
10.0
0
21.0
18.0
0
8.6
0
0
11.8
0
9.0
0
0
21.0
18.0
0
8.6
0
0
11.8
0
9.0
0
0
11.3
0
15.0
10.0
18.0
0
0
11.0
0.0
21.0
18.0
0
8.6
0
0
11.8
0
9.0
0
0
11.3
0
15.0
10.0
18.0
0
0
11.0
0.0
11.8
0
9.0
0
0
11.3
0
15.0
10.0
18.0
0
0
11.0
0.0
0
0
0
15.7
16.0
0
0
15.0
10.0
18.0
0
0
11.0
0.0
0
0
0
15.7
0
16.0
0
7.2
0
11.5
0
0
15.0
10.0
18.0
0
0
11.0
0.0
0
0
0
15.7
0
16.0
0
7.2
0
11.5
0
0
12.0
7.2
0
11.5
0
0
12.0
18.9
9.0
4.3
0
9.2
0
0.0
0
0.0
10.2
13.0
14.6
0
0.0
9.2
0
0
0.0
0.0
10.2
13.0
14.6
0
0.0
0
0.0
20.2
12.0
0
12.5
10.7
11.0
0
17.0
14.6
0
0.0
0
0.0
20.2
12.0
0
12.5
10.7
11.0
0
17.0
0.0
15.5
0
9.0
12.0
14.0
0.0
0
0.0
0
0.0
20.2
12.0
0
12.5
10.7
11.0
0
17.0
0.0
15.5
0
9.0
12.0
14.0
0.0
0
12.0
0
12.5
10.7
11.0
0
17.0
0.0
0
15.5
9.0
12.0
14.0
0.0
0
17.0
0
11.6
0
0.0
0
17.0
0
11.6
0
0.0
0.0
5.5
12.0
0
14.5
0
0.0
11.2
0
15.0
0.0
0
14.0
0
0.0
5.5
12.0
0
14.5
0
0.0
11.2
0
15.0
0.0
0
14.0
0
9.2
12.0
0
0
0
0
0
0.0
0.0
5.5
12.0
0
14.5
0
0.0
11.2
0
15.0
0.0
0
14.0
9.2
0
12.0
0
0
14.5
0
0.0
11.2
0
15.0
0.0
0
14.0
0
9.2
12.0
0
0
0
0
0
10.0
0
0
12.0
0
0
0
0
0
10.0
0
0
17.5
12.5
0.0
8.0
9.5
0
0.0
0.0
0
9.0
0
0
0
0
10.0
0
0
17.5
12.5
0.0
8.0
9.5
0
0.0
0.0
0
9.0
0
0
0
0
0
17.5
12.5
0.0
8.0
9.5
0
0.0
0.0
0
9.0
0
0
0
0
0.0
10.5
6.2
0
20.0
17.5
12.5
0.0
8.0
9.5
0.0
0
0.0
0
9.0
0
0
0
0
0.0
10.5
6.2
0
20.0
12.2
0.0
0.0
0
9.0
0
0
0
0
0.0
10.5
6.2
0
20.0
12.2
0.0
0
22.0
0.0
13.0
4.0
0
0
0
0
0.0
10.5
6.2
0
20.0
12.2
0
0.0
22.0
0.0
13.0
4.0
10.0
0.0
7.7
0
12.2
0.0
0
22.0
0.0
13.0
4.0
10.0
0.0
7.7
0
0.0
0
0
0
0.0
0
0.0
0
9.8
0
0
0.0
0
0.0
0
9.8
0.0
0.0
5.8
0
10.0
0
10.0
0
0
0.0
0
10.7
0.0
0.0
5.8
0
10.0
0
10.0
0
0
0.0
0
10.7
0.0
9.4
25.0
0
10.0
0
7.34
0.0
14.0
10.7
0.0
9.4
25.0
0
10.0
0
7.34
0.0
14.0
16.0
0
0
11.0
8.8
0
0
7.0
10.0
0
11.0
8.8
0
0
7.0
10.0
0
10.0
0
12.5
10.0
8.7
0
0.0
30.0
0
0
20.0
0
10.5
0.0
30.0
0
0
20.0
0
10.5
10.2
0
25.0
5.8
10.0
0.0
0
10.0
0
0.0
0.0
11.0
10.0
0
10.2
0
25.0
5.8
10.0
0.0
0
10.0
0
0.0
0.0
11.0
10.0
10.0
0.0
14.7
10.2
8.0
6.5
10.0
0.0
0
10.0
0
0.0
0.0
11.0
10.0
10.0
0.0
14.7
10.2
8.0
6.5
0
0.0
0.0
10.0
0
8.0
6.5
0
0.0
0.0
10.0
0
0
0.0
15.7
10.0
0
10.0
12.0
9.2
12.3
10.0
0
10.0
17.0
0
10.0
12.0
9.2
12.3
10.0
0
10.0
17.0
10.0
0
9.0
10.0
0
17.0
22.0
0
0.0
19.0
0
9.0
10.0
0
17.0
22.0
0
0.0
19.0
0
20.0
0
13.0
0.0
0
0.0
10.0
0
0
10.0
0
13.0
0.0
0
0.0
10.0
0
0
10.0
10.0
0
0
13.0
0.0
10.0
0
10.0
9.0
10.0
9.7
13.0
0.0
10.0
0
10.0
9.0
10.0
9.7
11.0
5.0
18.0
10.0
1210.0
7.0
10.0
9.6
12.0
13.7
10.0
7.0
10.0
9.6
12.0
13.7
10.0
18.2
0.0
10.0
10.0
8.6
18.8
0
0.0
14.0
0
10.5
0.0
0
14.0
0
10.5
0.0
0
0
0.0
0.0
0
0.0
0
0
10.0
11.8
12.0
0
10.0
0
10.0
0.0
0.0
0
0.0
0
0
10.0
11.8
12.0
0
10.0
0
10.0
0.0
13.0
0.0
0
9.0
8.8
0
0
12.0
0
10.0
0
10.0
0.0
13.0
0.0
0
9.0
8.8
0
0
10.0
10.0
0.0
25.0
0
10.0
0.0
0
0
10.0
10.0
0.0
25.0
10.0
0
0.0
13.0
10.0
0
0.0
10.0
10.0
0.0
10.0
0
0
0
10.0
0.0
10.0
0
0
0
0
0
0
0
23.0
0.0
0
10.0
0
10.0
0.0
15.0
0
0
0
0
0
0
0
23.0
0.0
0
10.0
0
15.0
0.0
0
10.0
0
0
10.0
0.0
9.3
0
10.0
0
0
0.0
10.0
15.0
0
0
10.0
0.0
9.3
0
0
8.0
15.0
0
0
10.0
0
13.0
0
8.0
15.0
0
0
10.0
0
13.0
0
10.0
0
0.0
19.0
10.0
18.0
10.0
0.0
0.0
10.0
13.0
10.0
0
13.0
0
10.0
0
0.0
19.0
10.0
18.0
10.0
0.0
0.0
10.0
13.0
10.0
25.0
0.0
10.0
0.0
10.0
0.0
25.0
10.0
0.0
20.0
13.0
12.0
10.0
20.0
0
0
10.0
17.0
18.0
0
0
14.2
10.0
0.0
0.0
10.0
13.0
10.0
0.0
25.0
10.0
0.0
20.0
12.0
13.0
10.0
20.0
0
0
17.0
10.0
18.0
0
0
0.0
10.0
0.0
20.0
12.0
13.0
10.0
20.0
0
0
10.0
17.0
18.0
0
0
14.2
10.0
0.0
45.0
0
10.0
20.0
0
0
10.0
17.0
18.0
0
0
14.2
10.0
0.0
45.0
0
0
0
0
14.5
0
0
10.0
18.0
0
0
14.2
10.0
0.0
45.0
0
0
0
0
14.5
0
0
0
20.0
0.0
0
0
0
0
0
0
14.5
0
0
0
20.0
0.0
0
0
0.0
16.3
0
0
13.0
0
0
11.0
14.2
10.0
0.0
45.0
0
0
0
0
14.5
0
0
0
20.0
0.0
0
0
0.0
16.3
0
0
0
0
14.2
10.0
0.0
45.0
0
0
0
0
14.5
0
0
0
20.0
0.0
0
0
0.0
16.3
14.2
10.0
0.0
45.0
0
0
0
0
14.5
0
0
0
20.0
0.0
0
0
0.0
16.3
0
0
0
0
20.0
0.0
0
0
0.0
16.3
0
0
13.0
0
0
11.0
10.0
0
0.0
22.5
0.0
0
0
0.0
16.3
0
0
13.0
0
0
11.0
10.0
0
0.0
22.5
0.0
0
0
0
40.0
0
0
13.0
0
0
11.0
10.0
0
0.0
22.5
0.0
0
0
0
40.0
10.0
19.5
10.0
18.0
0
40.0
10.0
19.5
10.0
18.0
38.0
0
19.0
0
10.0
25.0
0.0
17.0
0.0
0
15.0
29.0
0
10.0
10.0
19.5
10.0
18.0
38.0
0
19.0
0
10.0
25.0
0.0
17.0
0.0
0
15.0
29.0
0
10.0
0.0
16.0
25.0
0.0
17.0
0.0
0
15.0
29.0
0
10.0
0.0
16.0
22.0
32.0
10.0
0.0
0.0
10.0
13.0
19.3
0
10.0
0.0
16.0
22.0
32.0
10.0
0.0
0.0
10.0
13.0
19.3
0
0.0
17.0
10.0
0
0
0.0
10.0
0
10.0
0.0
0.0
10.0
13.0
19.3
0
0.0
17.0
10.0
0
0
0.0
10.0
0
10.0
17.0
15.0
12.0
20.0
17.0
10.0
0
0
0.0
10.0
0
10.0
17.0
15.0
12.0
20.0
0
0.0
0
0
12.0
0.0
10.0
0
12.0
20.0
0
0.0
0
0
12.0
0.0
10.0
0
18.0
0.0
0
0
22.0
0
0.0
10.0
23.0
0
0
0
22.0
0.0
0
10.0
23.0
0
16.0
18.2
22.0
0.0
0.0
0.0
300.0
10.0
20.0
18.0
10.0
15.0
16.0
18.2
22.0
0.0
0.0
0.0
300.0
10.0
20.0
18.0
10.0
15.0
0.0
11.0
23.0
12.0
10.0
19.0
23.0
10.0
12.0
10.0
19.0
23.0
10.0
15.0
10.0
14.5
0
10.0
0
23.0
0.0
17.0
0
0.0
10.0
17.5
10.0
10.0
0
10.0
0
23.0
0.0
17.0
0
0.0
10.0
17.5
10.0
10.0
10.0
22.0
0.0
0.0
16.0
0
0
13.0
17.5
10.0
10.0
10.0
22.0
0.0
0.0
16.0
0
0
13.0
25.0
8.0
10.0
17.0
18.0
0.0
10.0
11.5
9.0
13.0
25.0
8.0
10.0
17.0
18.0
0.0
10.0
11.5
9.0
0
10.0
18.9
0
7.0
10.0
0
25.0
0
0.0
0
10.0
7.0
0
25.0
0
0.0
12.7
21.1
20.0
0
0
0
0
0.0
21.0
0
0
0
9.0
0
0.0
21.0
0
0
0
9.0
0
8.5
0
0.0
0
15.0
9.6
16.0
25.0
17.0
0
15.0
0
25.0
17.0
0
15.0
0
20.0
10.0
0
12.0
14.0
10.0
0
0
0
0.0
0.0
0
0
14.0
20.0
0
0
0
0.0
0.0
0
0
14.0
20.0
0.0
9.0
12.0
20.0
0.0
0
10.0
0
0
0
0.0
9.0
12.0
20.0
0.0
0
10.0
0
0
0
0.0
10.0
0
0
9.0
0
16.0
21.0
0.0
9.0
25.0
9.0
16.0
0
21.0
0.0
9.0
25.0
41.0
0
0
18.0
20.0
8.5
17.0
15.0
10.0
0
0.0
0
0
0
0
18.0
20.0
8.5
17.0
15.0
10.0
0
0.0
0
0
0
32.0
10.5
12.0
0
18.0
13.0
25.0
17.0
15.0
10.0
0
0.0
0
0
0
32.0
10.5
12.0
0
18.0
13.0
25.0
0
0
25.3
0
23.0
0
32.0
10.5
12.0
18.0
0
13.0
25.0
0
0
25.3
0
23.0
0.0
12.0
25.0
25.0
0
0
10.0
25.0
0
0
25.3
0
23.0
0.0
12.0
25.0
25.0
0
0
10.0
0.0
12.0
20.0
6.0
0
12.0
0
0
0
10.0
0.0
12.0
20.0
6.0
0
12.0
0
0
0
43.0
17.2
19.5
11.0
0.0
17.2
0
14.0
0
43.0
17.2
19.5
11.0
0.0
17.2
14.0
0
0
0
18.0
22.0
0.0
27.0
15.0
0.0
0
12.0
0.0
17.2
0
14.0
0
18.0
0
22.0
0.0
27.0
15.0
0.0
0
12.0
0.0
22.0
14.0
10.0
0
13.0
0
0.0
22.0
14.0
10.0
0
13.0
0
16.0
0
0
19.0
18.0
0.0
20.0
0
0
16.0
0
14.4
0.0
10.0
0
13.0
0
16.0
0
0
19.0
18.0
0.0
20.0
0
0
16.0
0
14.4
0.0
0.0
21.0
13.0
0.0
20.0
0
0
16.0
0
14.4
0.0
0.0
21.0
13.0
25.0
14.5
0
24.0
9.0
42.0
14.0
24.0
46.0
16.0
0
14.4
0.0
0.0
13.0
21.0
25.0
14.5
0
24.0
9.0
42.0
14.0
46.0
24.0
13.5
0.0
25.0
0
16.0
0
0
19.0
18.0
0.0
20.0
0
0
16.0
0
14.4
0.0
0.0
13.0
21.0
25.0
14.5
0
9.0
20.0
0
0
16.0
0
14.4
0.0
0.0
21.0
13.0
25.0
14.5
0
9.0
24.0
42.0
14.0
46.0
24.0
13.5
13.0
25.0
14.5
0
24.0
9.0
42.0
14.0
24.0
46.0
13.5
0.0
25.0
0
10.0
9.0
37.0
0
0.0
0.0
13.5
0.0
25.0
0
10.0
9.0
0.0
0
37.0
0.0
19.0
30.0
20.0
9.0
300.0
0
11.1
22.0
28.0
20.0
0
0.0
0.0
19.0
20.0
30.0
9.0
300.0
0
11.1
22.0
28.0
20.0
19.0
19.0
0
20.0
20.0
18.0
0
30.0
20.0
9.0
300.0
0
11.1
22.0
28.0
20.0
19.0
19.0
0
20.0
20.0
18.0
0
14.0
13.5
0
0.0
11.1
22.0
28.0
20.0
19.0
19.0
0
20.0
20.0
18.0
0
14.0
13.5
0
0.0
0
60.0
0
0
21.0
28.0
20.0
19.0
19.0
0
20.0
20.0
18.0
0
14.0
13.5
0
0.0
60.0
0
0
0
21.0
0.0
70.0
18.0
0
14.0
13.5
0
0.0
60.0
0
0
0
21.0
0.0
70.0
15.0
0
20.0
0
45.0
0.0
18.0
0
20.0
20.0
18.0
0
14.0
13.5
0
0.0
60.0
0
0
0
21.0
0.0
70.0
15.0
0
20.0
0
22.0
28.0
20.0
19.0
19.0
0
20.0
20.0
18.0
0
14.0
13.5
0
0.0
0
60.0
0
0
21.0
0.0
20.0
20.0
18.0
0
14.0
13.5
0
0.0
0
60.0
0
0
21.0
0.0
70.0
15.0
0
20.0
0
45.0
20.0
20.0
18.0
0
14.0
13.5
0
0.0
0
60.0
0
0
21.0
0.0
70.0
15.0
0
20.0
0
45.0
20.0
20.0
18.0
0
14.0
13.5
0
0.0
60.0
0
0
0
21.0
0.0
70.0
15.0
0
20.0
0
45.0
0
20.0
20.0
18.0
0
14.0
13.5
0
0.0
0
60.0
0
0
21.0
0.0
70.0
15.0
0
20.0
0
19.0
19.0
0
20.0
20.0
18.0
0
14.0
13.5
0
0.0
60.0
0
0
0
21.0
0.0
70.0
15.0
0
20.0
20.0
18.0
0
14.0
13.5
0
0.0
0
60.0
0
0
21.0
0.0
70.0
15.0
0
20.0
0
45.0
14.0
13.5
0
0.0
60.0
0
0
0
21.0
0.0
70.0
15.0
0
20.0
0
45.0
0.0
18.0
0
17.0
0
14.0
13.5
0
0.0
60.0
0
0
0
21.0
0.0
70.0
15.0
0
20.0
0
45.0
0.0
18.0
0
14.0
13.5
0
0.0
0
60.0
0
0
21.0
0.0
70.0
15.0
0
20.0
0
45.0
18.0
0.0
0
0
20.0
18.0
0
14.0
13.5
0
0.0
60.0
0
0
0
21.0
0.0
70.0
15.0
0
20.0
0
45.0
0.0
0
14.0
13.5
0
0.0
0
60.0
0
0
21.0
0.0
70.0
15.0
0
20.0
0
45.0
18.0
0.0
0
0.0
60.0
0
0
0
21.0
0.0
70.0
15.0
0
20.0
0
45.0
18.0
0.0
0
0
17.0
16.0
0
0
45.0
18.0
0.0
0
17.0
0
16.0
0
0
0
50.0
42.0
12.0
23.0
0.0
13.0
0
0.0
20.0
15.0
0
20.0
0
45.0
0.0
18.0
0
17.0
0
16.0
0
0
0
50.0
42.0
12.0
23.0
0.0
13.0
17.0
16.0
0
0
0
50.0
42.0
12.0
23.0
0.0
13.0
0
0.0
20.0
0
20.0
0
0
26.0
0.0
50.0
0
42.0
12.0
23.0
0.0
13.0
0
20.0
0.0
0
20.0
0
0
26.0
0.0
20.0
15.0
12.5
32.0
0
0
0
50.0
42.0
12.0
23.0
0.0
13.0
0
20.0
0.0
0
20.0
0
0
26.0
0.0
20.0
15.0
42.0
12.0
23.0
0.0
13.0
0
0.0
20.0
0
20.0
0
0
26.0
0.0
20.0
15.0
12.5
32.0
20.0
0
0
26.0
0.0
20.0
15.0
12.5
32.0
20.0
0
12.7
9.0
0.0
9.0
0
9.1
8.0
0.0
10.0
0
0.0
0
20.0
0
0
26.0
0.0
20.0
15.0
12.5
32.0
20.0
0
12.7
9.0
0.0
9.0
0
9.1
8.0
0.0
0.0
20.0
15.0
12.5
32.0
20.0
0
12.7
9.0
0.0
9.0
0
9.1
8.0
0.0
10.0
0
0.0
0
14.0
0
9.1
8.0
0.0
10.0
0
0.0
0
14.0
0
60.0
0.0
13.0
0.0
0
20.0
0
8.5
0
0
0.0
13.0
0.0
0
20.0
0
8.5
0
0
0.0
11.0
40.0
23.0
25.0
0
6.2
0
8.0
0
0.0
11.0
40.0
23.0
25.0
0
6.2
0
8.0
0
0.0
0
16.5
13.0
0.0
0
40.0
0
4.5
0.0
50.0
6.2
0
8.0
0
0.0
0
16.5
13.0
0.0
0
40.0
0
4.5
0.0
50.0
12.0
6.0
0
18.5
11.0
0.0
0
40.0
0
4.5
0.0
50.0
12.0
6.0
0
18.5
11.0
13.0
11.0
20.0
0.0
19.8
22.0
0
9.0
0
18.5
11.0
13.0
11.0
20.0
0.0
19.8
22.0
0
9.0
0
0
11.0
0
0
0
20.0
13.0
18.0
11.0
13.0
11.0
20.0
0.0
19.8
22.0
0
9.0
0
0
11.0
0
0
0
20.0
13.0
18.0
0
0
0.0
19.8
22.0
0
9.0
0
0
11.0
0
0
0
20.0
13.0
18.0
0
0
11.0
15.0
0
11.0
20.0
0.0
19.8
22.0
0
9.0
0
0
11.0
0
0
0
20.0
13.0
18.0
0
0
11.0
15.0
0
19.8
22.0
0
9.0
0
0
11.0
0
0
0
20.0
13.0
18.0
0
0
11.0
15.0
0
11.0
14.0
0
0
11.0
0
0
0
20.0
13.0
18.0
0
0
11.0
15.0
0
11.0
14.0
11.0
0
10.0
0
18.0
0
0
11.0
15.0
0
11.0
14.0
11.0
0
10.0
0
0.0
0
22.0
11.0
0
20.0
0
0
10.0
0
0.0
0
22.0
11.0
0
20.0
0
0
13.0
27.0
0
0
20.0
0
0
0
0
16.3
20.0
0
0
13.0
27.0
0
0
20.0
0
0
0
16.3
0
12.0
0.0
0
15.0
0
0
0
15.0
0
0
0.0
18.8
0
0
0
0.0
16.0
0
0
20.0
0.0
0.0
17.0
0
0.0
12.0
0
0
0
20.0
0.0
0.0
17.0
0
0.0
0
12.0
0.0
13.0
10.0
0.0
9.0
0.0
0
0.0
0
0.0
0.0
17.0
0
0.0
0
12.0
0.0
13.0
10.0
0.0
9.0
0.0
0
0.0
0
0.0
0
0
30.0
21.0
0.0
0
0.0
0
0.0
0
0
30.0
21.0
0
0.0
16.0
0
0
25.0
0
0
17.5
0
0
0
25.0
0
0
17.5
0
0
14.0
0
0
26.0
10.0
0.0
8.0
0
0
24.0
0
0.0
0
0.0
8.0
0
0
24.0
0
0.0
0
0
0.0
0
20.0
12.0
14.0
0
0
0
0
0
0
0
0
0
0
0
0
0.0
20.0
0
0.0
9.25
0
0.0
72.0
0
0.0
16.8
0.0
9.0
0
16.8
0.0
9.0
0
0
10.0
0.0
0.0
0
8.7
31.0
20.0
0
0.0
0.0
10.0
0
0.0
0
0.0
0.0
10.0
0.0
0
0
25.0
0
0.0
21.0
24.0
0
8.0
0
17.5
0.0
7.5
14.0
140.0
0
0
8.0
0
17.5
0.0
7.5
14.0
140.0
0
9.1
0.0
0
8.5
16.0
11.0
0
18.0
0.0
20.0
168.0
0
0.0
20.0
168.0
0
12.0
110.0
100.0
0
15.0
12.0
15.0
0.0
0
18.0
0
0
10.0
0
0
12.0
15.0
0.0
0
0
18.0
0
10.0
0
0
20.0
0
0
15.0
100.0
12.0
17.0
0
0.0
10.5
0
15.0
100.0
12.0
17.0
0
10.5
0.0
0
13.0
0
14.0
0
0
0
14.0
0
0
30.0
0
10.5
0.0
0
13.0
0
14.0
0
0
0
14.0
0
0
30.0
0
16.2
0.0
0
0
17.0
7.0
0
0
30.0
0
16.2
0.0
0
0
17.0
7.0
0
23.0
18.0
55.0
11.0
0
0.0
0
0
17.0
0
17.0
7.0
0
23.0
18.0
55.0
11.0
0
0.0
0
0
17.0
9.5
0
100.0
0
8.0
0.0
70.0
8.0
0.0
70.0
25.5
0.0
20.0
10.0
36.0
8.0
27.0
0
9.0
18.0
4.0
16.2
19.0
0
0.0
19.7
24.0
18.0
4.0
16.2
19.0
0
0.0
19.7
24.0
0
0.0
0
0
10.5
0
0
0
0
6.3
0
100.0
0
0.0
0
0
10.5
0
0
0
0
6.3
0
0
100.0
0
23.5
0.0
17.0
0
0
22.0
6.3
0
0
100.0
23.5
0
0.0
17.0
0
0
22.0
0
11.0
0
0
35.0
20.7
14.2
16.0
15.0
0.0
10.5
15.0
0
0.0
12.0
0.0
0
12.0
0.0
0.0
